196601    1.872100000000  168.210000000000  449.650000000000  440.560000000000  248.770000000000   51.472000000000
196602    1.872100000000  168.210000000000  449.650000000000  440.560000000000  248.770000000000   51.472000000000
196603    1.872100000000  168.210000000000  449.650000000000  440.560000000000  248.770000000000   51.472000000000
196604    1.872100000000  168.210000000000  449.650000000000  440.560000000000  248.770000000000   51.472000000000
196605    1.872100000000  168.210000000000  449.650000000000  440.560000000000  248.770000000000   51.472000000000
196606    1.872100000000  168.210000000000  449.650000000000  440.560000000000  248.770000000000   51.472000000000
196607    1.872100000000  168.210000000000  449.650000000000  440.560000000000  248.770000000000   51.472000000000
196608    1.872100000000  168.210000000000  449.650000000000  440.560000000000  248.770000000000   51.472000000000
196609    1.872100000000  168.210000000000  449.650000000000  440.560000000000  248.770000000000   51.472000000000
196610    1.872100000000  168.210000000000  449.650000000000  440.560000000000  248.770000000000   51.472000000000
196611    1.872100000000  168.210000000000  449.650000000000  440.560000000000  248.770000000000   51.472000000000
196612    1.872100000000  168.210000000000  449.650000000000  440.560000000000  248.770000000000   51.472000000000
196701    1.872100000000  168.210000000000  449.650000000000  440.560000000000  248.770000000000   51.472000000000
196702    1.872100000000  168.210000000000  449.650000000000  440.560000000000  248.770000000000   51.472000000000
196703    1.872100000000  168.210000000000  449.650000000000  440.560000000000  248.770000000000   51.472000000000
196704    1.872100000000  168.210000000000  449.650000000000  440.560000000000  248.770000000000   51.472000000000
196705    1.872100000000  168.210000000000  449.650000000000  440.560000000000  248.770000000000   51.472000000000
196706    1.872100000000  168.210000000000  449.650000000000  440.560000000000  248.770000000000   51.472000000000
196707    1.872100000000  168.210000000000  449.650000000000  440.560000000000  248.770000000000   51.472000000000
196708    1.872100000000  168.210000000000  449.650000000000  440.560000000000  248.770000000000   51.472000000000
196709    1.872100000000  168.210000000000  449.650000000000  440.560000000000  248.770000000000   51.472000000000
196710    1.872100000000  168.210000000000  449.650000000000  440.560000000000  248.770000000000   51.472000000000
196711    1.872100000000  168.210000000000  449.650000000000  440.560000000000  248.770000000000   51.472000000000
196712    1.872100000000  168.210000000000  449.650000000000  440.560000000000  248.770000000000   51.472000000000
196801    1.872100000000  168.210000000000  449.650000000000  440.560000000000  248.770000000000   51.472000000000
196802    1.872100000000  168.210000000000  449.650000000000  440.560000000000  248.770000000000   51.472000000000
196803    1.872100000000  168.210000000000  449.650000000000  440.560000000000  248.770000000000   51.472000000000
196804    1.872100000000  168.210000000000  449.650000000000  440.560000000000  248.770000000000   51.472000000000
196805    1.872100000000  168.210000000000  449.650000000000  440.560000000000  248.770000000000   51.472000000000
196806    1.872100000000  168.210000000000  449.650000000000  440.560000000000  248.770000000000   51.472000000000
196807    1.872100000000  168.210000000000  449.650000000000  440.560000000000  248.770000000000   51.472000000000
196808    1.872100000000  168.210000000000  449.650000000000  440.560000000000  248.770000000000   51.472000000000
196809    1.872100000000  168.210000000000  449.650000000000  440.560000000000  248.770000000000   51.472000000000
196810    1.872100000000  168.210000000000  449.650000000000  440.560000000000  248.770000000000   51.472000000000
196811    1.872100000000  168.210000000000  449.650000000000  440.560000000000  248.770000000000   51.472000000000
196812    1.872100000000  168.210000000000  449.650000000000  440.560000000000  248.770000000000   51.472000000000
196901    1.872100000000  168.210000000000  449.650000000000  440.560000000000  248.770000000000   51.472000000000
196902    1.872100000000  168.210000000000  449.650000000000  440.560000000000  248.770000000000   51.472000000000
196903    1.872100000000  168.210000000000  449.650000000000  440.560000000000  248.770000000000   51.472000000000
196904    1.872100000000  168.210000000000  449.650000000000  440.560000000000  248.770000000000   51.472000000000
196905    1.872100000000  168.210000000000  449.650000000000  440.560000000000  248.770000000000   51.472000000000
196906    1.872100000000  168.210000000000  449.650000000000  440.560000000000  248.770000000000   51.472000000000
196907    1.872100000000  168.210000000000  449.650000000000  440.560000000000  248.770000000000   51.472000000000
196908    1.872100000000  168.210000000000  449.650000000000  440.560000000000  248.770000000000   51.472000000000
196909    1.872100000000  168.210000000000  449.650000000000  440.560000000000  248.770000000000   51.472000000000
196910    1.872100000000  168.210000000000  449.650000000000  440.560000000000  248.770000000000   51.472000000000
196911    1.872100000000  168.210000000000  449.650000000000  440.560000000000  248.770000000000   51.472000000000
196912    1.872100000000  168.210000000000  449.650000000000  440.560000000000  248.770000000000   51.472000000000
197001    1.872100000000  168.210000000000  449.650000000000  440.560000000000  248.770000000000   51.472000000000
197002    1.872100000000  168.210000000000  449.650000000000  440.560000000000  248.770000000000   51.472000000000
197003    1.872100000000  168.210000000000  449.650000000000  440.560000000000  248.770000000000   51.472000000000
197004    1.872100000000  168.210000000000  449.650000000000  440.560000000000  248.770000000000   51.472000000000
197005    1.872100000000  168.210000000000  449.650000000000  440.560000000000  248.770000000000   51.472000000000
197006    1.872100000000  168.210000000000  449.650000000000  440.560000000000  248.770000000000   51.472000000000
197007    1.872100000000  168.210000000000  449.650000000000  440.560000000000  248.770000000000   51.472000000000
197008    1.872100000000  168.210000000000  449.650000000000  440.560000000000  248.770000000000   51.472000000000
197009    1.872100000000  168.210000000000  449.650000000000  440.560000000000  248.770000000000   51.472000000000
197010    1.872100000000  168.210000000000  449.650000000000  440.560000000000  248.770000000000   51.472000000000
197011    1.872100000000  168.210000000000  449.650000000000  440.560000000000  248.770000000000   51.472000000000
197012    1.872100000000  168.210000000000  449.650000000000  440.560000000000  248.770000000000   51.472000000000
197101    1.872100000000  168.210000000000  449.650000000000  440.560000000000  248.770000000000   51.472000000000
197102    1.872100000000  168.210000000000  449.650000000000  440.560000000000  248.770000000000   51.472000000000
197103    1.872100000000  168.210000000000  449.650000000000  440.560000000000  248.770000000000   51.472000000000
197104    1.872100000000  168.210000000000  449.650000000000  440.560000000000  248.770000000000   51.472000000000
197105    1.872100000000  168.210000000000  449.650000000000  440.560000000000  248.770000000000   51.472000000000
197106    1.872100000000  168.210000000000  449.650000000000  440.560000000000  248.770000000000   51.472000000000
197107    1.872100000000  168.210000000000  449.650000000000  440.560000000000  248.770000000000   51.472000000000
197108    1.872100000000  168.210000000000  449.650000000000  440.560000000000  248.770000000000   51.472000000000
197109    1.872100000000  168.210000000000  449.650000000000  440.560000000000  248.770000000000   51.472000000000
197110    1.872100000000  168.210000000000  449.650000000000  440.560000000000  248.770000000000   51.472000000000
197111    1.872100000000  168.210000000000  449.650000000000  440.560000000000  248.770000000000   51.472000000000
197112    1.872100000000  168.210000000000  449.650000000000  440.560000000000  248.770000000000   51.472000000000
197201    1.872100000000  168.210000000000  449.650000000000  440.560000000000  248.770000000000   51.472000000000
197202    1.872100000000  168.210000000000  449.650000000000  440.560000000000  248.770000000000   51.472000000000
197203    1.872100000000  168.210000000000  449.650000000000  440.560000000000  248.770000000000   51.472000000000
197204    1.872100000000  168.210000000000  449.650000000000  440.560000000000  248.770000000000   51.472000000000
197205    1.872100000000  168.210000000000  449.650000000000  440.560000000000  248.770000000000   51.472000000000
197206    1.872100000000  168.210000000000  449.650000000000  440.560000000000  248.770000000000   51.472000000000
197207    1.872100000000  168.210000000000  449.650000000000  440.560000000000  248.770000000000   51.472000000000
197208    1.872100000000  168.210000000000  449.650000000000  440.560000000000  248.770000000000   51.472000000000
197209    1.872100000000  168.210000000000  449.650000000000  440.560000000000  248.770000000000   51.472000000000
197210    1.872100000000  168.210000000000  449.650000000000  440.560000000000  248.770000000000   51.472000000000
197211    1.872100000000  168.210000000000  449.650000000000  440.560000000000  248.770000000000   51.472000000000
197212    1.872100000000  168.210000000000  449.650000000000  440.560000000000  248.770000000000   51.472000000000
197301    1.872100000000  168.210000000000  449.650000000000  440.560000000000  248.770000000000   51.472000000000
197302    1.872100000000  168.210000000000  449.650000000000  440.560000000000  248.770000000000   51.472000000000
197303    1.872100000000  168.210000000000  449.650000000000  440.560000000000  248.770000000000   51.472000000000
197304    1.872100000000  168.210000000000  449.650000000000  440.560000000000  248.770000000000   51.472000000000
197305    1.872100000000  168.210000000000  449.650000000000  440.560000000000  248.770000000000   51.472000000000
197306    1.872100000000  168.210000000000  449.650000000000  440.560000000000  248.770000000000   51.472000000000
197307    1.872100000000  168.210000000000  449.650000000000  440.560000000000  248.770000000000   51.472000000000
197308    1.872100000000  168.210000000000  449.650000000000  440.560000000000  248.770000000000   51.472000000000
197309    1.872100000000  168.210000000000  449.650000000000  440.560000000000  248.770000000000   51.472000000000
197310    1.872100000000  168.210000000000  449.650000000000  440.560000000000  248.770000000000   51.472000000000
197311    1.872100000000  168.210000000000  449.650000000000  440.560000000000  248.770000000000   51.472000000000
197312    1.872100000000  168.210000000000  449.650000000000  440.560000000000  248.770000000000   51.472000000000
197401    1.872100000000  168.210000000000  449.650000000000  440.560000000000  248.770000000000   51.472000000000
197402    1.872100000000  168.210000000000  449.650000000000  440.560000000000  248.770000000000   51.472000000000
197403    1.872100000000  168.210000000000  449.650000000000  440.560000000000  248.770000000000   51.472000000000
197404    1.872100000000  168.210000000000  449.650000000000  440.560000000000  248.770000000000   51.472000000000
197405    1.872100000000  168.210000000000  449.650000000000  440.560000000000  248.770000000000   51.472000000000
197406    1.872100000000  168.210000000000  449.650000000000  440.560000000000  248.770000000000   51.472000000000
197407    1.872100000000  168.210000000000  449.650000000000  440.560000000000  248.770000000000   51.472000000000
197408    1.872100000000  168.210000000000  449.650000000000  440.560000000000  248.770000000000   51.472000000000
197409    1.872100000000  168.210000000000  449.650000000000  440.560000000000  248.770000000000   51.472000000000
197410    1.872100000000  168.210000000000  449.650000000000  440.560000000000  248.770000000000   51.472000000000
197411    1.872100000000  168.210000000000  449.650000000000  440.560000000000  248.770000000000   51.472000000000
197412    1.872100000000  168.210000000000  449.650000000000  440.560000000000  248.770000000000   51.472000000000
197501    1.872100000000  168.210000000000  449.650000000000  440.560000000000  248.770000000000   51.472000000000
197502    1.872100000000  168.210000000000  449.650000000000  440.560000000000  248.770000000000   51.472000000000
197503    1.872100000000  168.210000000000  449.650000000000  440.560000000000  248.770000000000   51.472000000000
197504    1.872100000000  168.210000000000  449.650000000000  440.560000000000  248.770000000000   51.472000000000
197505    1.872100000000  168.210000000000  449.650000000000  440.560000000000  248.770000000000   51.472000000000
197506    1.872100000000  168.210000000000  449.650000000000  440.560000000000  248.770000000000   51.472000000000
197507    1.872100000000  168.210000000000  449.650000000000  440.560000000000  248.770000000000   51.472000000000
197508    1.872100000000  168.210000000000  449.650000000000  440.560000000000  248.770000000000   51.472000000000
197509    1.872100000000  168.210000000000  449.650000000000  440.560000000000  248.770000000000   51.472000000000
197510    1.872100000000  168.210000000000  449.650000000000  440.560000000000  248.770000000000   51.472000000000
197511    1.872100000000  168.210000000000  449.650000000000  440.560000000000  248.770000000000   51.472000000000
197512    1.872100000000  168.210000000000  449.650000000000  440.560000000000  248.770000000000   51.472000000000
197601    1.872100000000  168.210000000000  449.650000000000  440.560000000000  248.770000000000   51.472000000000
197602    1.872100000000  168.210000000000  449.650000000000  440.560000000000  248.770000000000   51.472000000000
197603    1.872100000000  168.210000000000  449.650000000000  440.560000000000  248.770000000000   51.472000000000
197604    1.872100000000  168.210000000000  449.650000000000  440.560000000000  248.770000000000   51.472000000000
197605    1.872100000000  168.210000000000  449.650000000000  440.560000000000  248.770000000000   51.472000000000
197606    1.872100000000  168.210000000000  449.650000000000  440.560000000000  248.770000000000   51.472000000000
197607    1.872100000000  168.210000000000  449.650000000000  440.560000000000  248.770000000000   51.472000000000
197608    1.872100000000  168.210000000000  449.650000000000  440.560000000000  248.770000000000   51.472000000000
197609    1.872100000000  168.210000000000  449.650000000000  440.560000000000  248.770000000000   51.472000000000
197610    1.872100000000  168.210000000000  449.650000000000  440.560000000000  248.770000000000   51.472000000000
197611    1.872100000000  168.210000000000  449.650000000000  440.560000000000  248.770000000000   51.472000000000
197612    1.872100000000  168.210000000000  449.650000000000  440.560000000000  248.770000000000   51.472000000000
197701    1.872100000000  168.210000000000  449.650000000000  440.560000000000  248.770000000000   51.472000000000
197702    1.872100000000  168.210000000000  449.650000000000  440.560000000000  248.770000000000   51.472000000000
197703    1.872100000000  168.210000000000  449.650000000000  440.560000000000  248.770000000000   51.472000000000
197704    1.872100000000  168.210000000000  449.650000000000  440.560000000000  248.770000000000   51.472000000000
197705    1.872100000000  168.210000000000  449.650000000000  440.560000000000  248.770000000000   51.472000000000
197706    1.872100000000  168.210000000000  449.650000000000  440.560000000000  248.770000000000   51.472000000000
197707    1.872100000000  168.210000000000  449.650000000000  440.560000000000  248.770000000000   51.472000000000
197708    1.872100000000  168.210000000000  449.650000000000  440.560000000000  248.770000000000   51.472000000000
197709    1.872100000000  168.210000000000  449.650000000000  440.560000000000  248.770000000000   51.472000000000
197710    1.872100000000  168.210000000000  449.650000000000  440.560000000000  248.770000000000   51.472000000000
197711    1.872100000000  168.210000000000  449.650000000000  440.560000000000  248.770000000000   51.472000000000
197712    1.872100000000  168.210000000000  449.650000000000  440.560000000000  248.770000000000   51.472000000000
197801    1.872100000000  168.210000000000  449.650000000000  440.560000000000  248.770000000000   51.472000000000
197802    1.872100000000  168.210000000000  449.650000000000  440.560000000000  248.770000000000   51.472000000000
197803    1.872100000000  168.210000000000  449.650000000000  440.560000000000  248.770000000000   51.472000000000
197804    1.872100000000  168.210000000000  449.650000000000  440.560000000000  248.770000000000   51.472000000000
197805    1.872100000000  168.210000000000  449.650000000000  440.560000000000  248.770000000000   51.472000000000
197806    1.872100000000  168.210000000000  449.650000000000  440.560000000000  248.770000000000   51.472000000000
197807    1.872100000000  168.210000000000  449.650000000000  440.560000000000  248.770000000000   51.472000000000
197808    1.872100000000  168.210000000000  449.650000000000  440.560000000000  248.770000000000   51.472000000000
197809    1.872100000000  168.210000000000  449.650000000000  440.560000000000  248.770000000000   51.472000000000
197810    1.872100000000  168.210000000000  449.650000000000  440.560000000000  248.770000000000   51.472000000000
197811    1.872100000000  168.210000000000  449.650000000000  440.560000000000  248.770000000000   51.472000000000
197812    1.872100000000  168.210000000000  449.650000000000  440.560000000000  248.770000000000   51.472000000000
197901    1.872100000000  168.210000000000  449.650000000000  440.560000000000  248.770000000000   51.472000000000
197902    1.872100000000  168.210000000000  449.650000000000  440.560000000000  248.770000000000   51.472000000000
197903    1.872100000000  168.210000000000  449.650000000000  440.560000000000  248.770000000000   51.472000000000
197904    1.872100000000  168.210000000000  449.650000000000  440.560000000000  248.770000000000   51.472000000000
197905    1.872100000000  168.210000000000  449.650000000000  440.560000000000  248.770000000000   51.472000000000
197906    1.872100000000  168.210000000000  449.650000000000  440.560000000000  248.770000000000   51.472000000000
197907    1.872100000000  168.210000000000  449.650000000000  440.560000000000  248.770000000000   51.472000000000
197908    1.872100000000  168.210000000000  449.650000000000  440.560000000000  248.770000000000   51.472000000000
197909    1.872100000000  168.210000000000  449.650000000000  440.560000000000  248.770000000000   51.472000000000
197910    1.872100000000  168.210000000000  449.650000000000  440.560000000000  248.770000000000   51.472000000000
197911    1.872100000000  168.210000000000  449.650000000000  440.560000000000  248.770000000000   51.472000000000
197912    1.872100000000  168.210000000000  449.650000000000  440.560000000000  248.770000000000   51.472000000000
198001    1.872100000000  168.210000000000  449.650000000000  440.560000000000  248.770000000000   51.472000000000
198002    1.872100000000  168.210000000000  449.650000000000  440.560000000000  248.770000000000   51.472000000000
198003    1.872100000000  168.210000000000  449.650000000000  440.560000000000  248.770000000000   51.472000000000
198004    1.872100000000  168.210000000000  449.650000000000  440.560000000000  248.770000000000   51.472000000000
198005    1.872100000000  168.210000000000  449.650000000000  440.560000000000  248.770000000000   51.472000000000
198006    1.872100000000  168.210000000000  449.650000000000  440.560000000000  248.770000000000   51.472000000000
198007    1.872100000000  168.210000000000  449.650000000000  440.560000000000  248.770000000000   51.472000000000
198008    1.872100000000  168.210000000000  449.650000000000  440.560000000000  248.770000000000   51.472000000000
198009    1.872100000000  168.210000000000  449.650000000000  440.560000000000  248.770000000000   51.472000000000
198010    1.872100000000  168.210000000000  449.650000000000  440.560000000000  248.770000000000   51.472000000000
198011    1.872100000000  168.210000000000  449.650000000000  440.560000000000  248.770000000000   51.472000000000
198012    1.872100000000  168.210000000000  449.650000000000  440.560000000000  248.770000000000   51.472000000000
198101    1.872100000000  168.210000000000  449.650000000000  440.560000000000  248.770000000000   51.472000000000
198102    1.872100000000  168.210000000000  449.650000000000  440.560000000000  248.770000000000   51.472000000000
198103    1.872100000000  168.210000000000  449.650000000000  440.560000000000  248.770000000000   51.472000000000
198104    1.872100000000  168.210000000000  449.650000000000  440.560000000000  248.770000000000   51.472000000000
198105    1.872100000000  168.210000000000  449.650000000000  440.560000000000  248.770000000000   51.472000000000
198106    1.872100000000  168.210000000000  449.650000000000  440.560000000000  248.770000000000   51.472000000000
198107    1.872100000000  168.210000000000  449.650000000000  440.560000000000  248.770000000000   51.472000000000
198108    1.872100000000  168.210000000000  449.650000000000  440.560000000000  248.770000000000   51.472000000000
198109    1.872100000000  168.210000000000  449.650000000000  440.560000000000  248.770000000000   51.472000000000
198110    1.872100000000  168.210000000000  449.650000000000  440.560000000000  248.770000000000   51.472000000000
198111    1.872100000000  168.210000000000  449.650000000000  440.560000000000  248.770000000000   51.472000000000
198112    1.872100000000  168.210000000000  449.650000000000  440.560000000000  248.770000000000   51.472000000000
198201    1.872100000000  168.210000000000  449.650000000000  440.560000000000  248.770000000000   51.472000000000
198202    1.872100000000  168.210000000000  449.650000000000  440.560000000000  248.770000000000   51.472000000000
198203    1.872100000000  168.210000000000  449.650000000000  440.560000000000  248.770000000000   51.472000000000
198204    1.872100000000  168.210000000000  449.650000000000  440.560000000000  248.770000000000   51.472000000000
198205    1.872100000000  168.210000000000  449.650000000000  440.560000000000  248.770000000000   51.472000000000
198206    1.872100000000  168.210000000000  449.650000000000  440.560000000000  248.770000000000   51.472000000000
198207    1.872100000000  168.210000000000  449.650000000000  440.560000000000  248.770000000000   51.472000000000
198208    1.872100000000  168.210000000000  449.650000000000  440.560000000000  248.770000000000   51.472000000000
198209    1.872100000000  168.210000000000  449.650000000000  440.560000000000  248.770000000000   51.472000000000
198210    1.872100000000  168.210000000000  449.650000000000  440.560000000000  248.770000000000   51.472000000000
198211    1.872100000000  168.210000000000  449.650000000000  440.560000000000  248.770000000000   51.472000000000
198212    1.872100000000  168.210000000000  449.650000000000  440.560000000000  248.770000000000   51.472000000000
198301    1.872100000000  168.210000000000  449.650000000000  440.560000000000  248.770000000000   51.472000000000
198302    1.872100000000  168.210000000000  449.650000000000  440.560000000000  248.770000000000   51.472000000000
198303    1.872100000000  168.210000000000  449.650000000000  440.560000000000  248.770000000000   51.472000000000
198304    1.872100000000  168.210000000000  449.650000000000  440.560000000000  248.770000000000   51.472000000000
198305    1.872100000000  168.210000000000  449.650000000000  440.560000000000  248.770000000000   51.472000000000
198306    1.872100000000  168.210000000000  449.650000000000  440.560000000000  248.770000000000   51.472000000000
198307    1.872100000000  168.210000000000  449.650000000000  440.560000000000  248.770000000000   51.472000000000
198308    1.872100000000  168.210000000000  449.650000000000  440.560000000000  248.770000000000   51.472000000000
198309    1.872100000000  168.210000000000  449.650000000000  440.560000000000  248.770000000000   51.472000000000
198310    1.872100000000  168.210000000000  449.650000000000  440.560000000000  248.770000000000   51.472000000000
198311    1.872100000000  168.210000000000  449.650000000000  440.560000000000  248.770000000000   51.472000000000
198312    1.872100000000  168.210000000000  449.650000000000  440.560000000000  248.770000000000   51.472000000000
198401    1.872100000000  168.210000000000  449.650000000000  440.560000000000  248.770000000000   51.472000000000
198402    1.872100000000  168.210000000000  449.650000000000  440.560000000000  248.770000000000   51.472000000000
198403    1.872100000000  168.210000000000  449.650000000000  440.560000000000  248.770000000000   51.472000000000
198404    1.872100000000  168.210000000000  449.650000000000  440.560000000000  248.770000000000   51.472000000000
198405    1.872100000000  168.210000000000  449.650000000000  440.560000000000  248.770000000000   51.472000000000
198406    1.872100000000  168.210000000000  449.650000000000  440.560000000000  248.770000000000   51.472000000000
198407    1.872100000000  168.210000000000  449.650000000000  440.560000000000  248.770000000000   51.472000000000
198408    1.872100000000  168.210000000000  449.650000000000  440.560000000000  248.770000000000   51.472000000000
198409    1.872100000000  168.210000000000  449.650000000000  440.560000000000  248.770000000000   51.472000000000
198410    1.872100000000  168.210000000000  449.650000000000  440.560000000000  248.770000000000   51.472000000000
198411    1.872100000000  168.210000000000  449.650000000000  440.560000000000  248.770000000000   51.472000000000
198412    1.872100000000  168.210000000000  449.650000000000  440.560000000000  248.770000000000   51.472000000000
198501    1.872100000000  168.210000000000  449.650000000000  440.560000000000  248.770000000000   51.472000000000
198502    1.872100000000  168.210000000000  449.650000000000  440.560000000000  248.770000000000   51.472000000000
198503    1.872100000000  168.210000000000  449.650000000000  440.560000000000  248.770000000000   51.472000000000
198504    1.872100000000  168.210000000000  449.650000000000  440.560000000000  248.770000000000   51.472000000000
198505    1.872100000000  168.210000000000  449.650000000000  440.560000000000  248.770000000000   51.472000000000
198506    1.872100000000  168.210000000000  449.650000000000  440.560000000000  248.770000000000   51.472000000000
198507    1.872100000000  168.210000000000  449.650000000000  440.560000000000  248.770000000000   51.472000000000
198508    1.872100000000  168.210000000000  449.650000000000  440.560000000000  248.770000000000   51.472000000000
198509    1.872100000000  168.210000000000  449.650000000000  440.560000000000  248.770000000000   51.472000000000
198510    1.872100000000  168.210000000000  449.650000000000  440.560000000000  248.770000000000   51.472000000000
198511    1.872100000000  168.210000000000  449.650000000000  440.560000000000  248.770000000000   51.472000000000
198512    1.872100000000  168.210000000000  449.650000000000  440.560000000000  248.770000000000   51.472000000000
198601    1.872100000000  168.210000000000  449.650000000000  440.560000000000  248.770000000000   51.472000000000
198602    1.872100000000  168.210000000000  449.650000000000  440.560000000000  248.770000000000   51.472000000000
198603    1.872100000000  168.210000000000  449.650000000000  440.560000000000  248.770000000000   51.472000000000
198604    1.872100000000  168.210000000000  449.650000000000  440.560000000000  248.770000000000   51.472000000000
198605    1.872100000000  168.210000000000  449.650000000000  440.560000000000  248.770000000000   51.472000000000
198606    1.872100000000  168.210000000000  449.650000000000  440.560000000000  248.770000000000   51.472000000000
198607    1.872100000000  168.210000000000  449.650000000000  440.560000000000  248.770000000000   51.472000000000
198608    1.872100000000  168.210000000000  449.650000000000  440.560000000000  248.770000000000   51.472000000000
198609    1.872100000000  168.210000000000  449.650000000000  440.560000000000  248.770000000000   51.472000000000
198610    1.872100000000  168.210000000000  449.650000000000  440.560000000000  248.770000000000   51.472000000000
198611    1.872100000000  168.210000000000  449.650000000000  440.560000000000  248.770000000000   51.472000000000
198612    1.872100000000  168.210000000000  449.650000000000  440.560000000000  248.770000000000   51.472000000000
198701    1.872100000000  168.210000000000  449.650000000000  440.560000000000  248.770000000000   51.472000000000
198702    1.872100000000  168.210000000000  449.650000000000  440.560000000000  248.770000000000   51.472000000000
198703    1.872100000000  168.210000000000  449.650000000000  440.560000000000  248.770000000000   51.472000000000
198704    1.872100000000  168.210000000000  449.650000000000  440.560000000000  248.770000000000   51.472000000000
198705    1.872100000000  168.210000000000  449.650000000000  440.560000000000  248.770000000000   51.472000000000
198706    1.872100000000  168.210000000000  449.650000000000  440.560000000000  248.770000000000   51.472000000000
198707    1.872100000000  168.210000000000  449.650000000000  440.560000000000  248.770000000000   51.472000000000
198708    1.872100000000  168.210000000000  449.650000000000  440.560000000000  248.770000000000   51.472000000000
198709    1.872100000000  168.210000000000  449.650000000000  440.560000000000  248.770000000000   51.472000000000
198710    1.872100000000  168.210000000000  449.650000000000  440.560000000000  248.770000000000   51.472000000000
198711    1.872100000000  168.210000000000  449.650000000000  440.560000000000  248.770000000000   51.472000000000
198712    1.872100000000  168.210000000000  449.650000000000  440.560000000000  248.770000000000   51.472000000000
198801    1.872100000000  168.210000000000  449.650000000000  440.560000000000  248.770000000000   51.472000000000
198802    1.872100000000  168.210000000000  449.650000000000  440.560000000000  248.770000000000   51.472000000000
198803    1.872100000000  168.210000000000  449.650000000000  440.560000000000  248.770000000000   51.472000000000
198804    1.872100000000  168.210000000000  449.650000000000  440.560000000000  248.770000000000   51.472000000000
198805    1.872100000000  168.210000000000  449.650000000000  440.560000000000  248.770000000000   51.472000000000
198806    1.872100000000  168.210000000000  449.650000000000  440.560000000000  248.770000000000   51.472000000000
198807    1.872100000000  168.210000000000  449.650000000000  440.560000000000  248.770000000000   51.472000000000
198808    1.872100000000  168.210000000000  449.650000000000  440.560000000000  248.770000000000   51.472000000000
198809    1.872100000000  168.210000000000  449.650000000000  440.560000000000  248.770000000000   51.472000000000
198810    1.872100000000  168.210000000000  449.650000000000  440.560000000000  248.770000000000   51.472000000000
198811    1.872100000000  168.210000000000  449.650000000000  440.560000000000  248.770000000000   51.472000000000
198812    1.872100000000  168.210000000000  449.650000000000  440.560000000000  248.770000000000   51.472000000000
198901    1.872100000000  168.210000000000  449.650000000000  440.560000000000  248.770000000000   51.472000000000
198902    1.872100000000  168.210000000000  449.650000000000  440.560000000000  248.770000000000   51.472000000000
198903    1.872100000000  168.210000000000  449.650000000000  440.560000000000  248.770000000000   51.472000000000
198904    1.872100000000  168.210000000000  449.650000000000  440.560000000000  248.770000000000   51.472000000000
198905    1.872100000000  168.210000000000  449.650000000000  440.560000000000  248.770000000000   51.472000000000
198906    1.872100000000  168.210000000000  449.650000000000  440.560000000000  248.770000000000   51.472000000000
198907    1.872100000000  168.210000000000  449.650000000000  440.560000000000  248.770000000000   51.472000000000
198908    1.872100000000  168.210000000000  449.650000000000  440.560000000000  248.770000000000   51.472000000000
198909    1.872100000000  168.210000000000  449.650000000000  440.560000000000  248.770000000000   51.472000000000
198910    1.872100000000  168.210000000000  449.650000000000  440.560000000000  248.770000000000   51.472000000000
198911    1.872100000000  168.210000000000  449.650000000000  440.560000000000  248.770000000000   51.472000000000
198912    1.872100000000  168.210000000000  449.650000000000  440.560000000000  248.770000000000   51.472000000000
199001    1.872100000000  168.210000000000  449.650000000000  440.560000000000  248.770000000000   51.472000000000
199002    1.872100000000  168.210000000000  449.650000000000  440.560000000000  248.770000000000   51.472000000000
199003    1.872100000000  168.210000000000  449.650000000000  440.560000000000  248.770000000000   51.472000000000
199004    1.872100000000  168.210000000000  449.650000000000  440.560000000000  248.770000000000   51.472000000000
199005    1.872100000000  168.210000000000  449.650000000000  440.560000000000  248.770000000000   51.472000000000
199006    1.872100000000  168.210000000000  449.650000000000  440.560000000000  248.770000000000   51.472000000000
199007    1.872100000000  168.210000000000  449.650000000000  440.560000000000  248.770000000000   51.472000000000
199008    1.872100000000  168.210000000000  449.650000000000  440.560000000000  248.770000000000   51.472000000000
199009    1.872100000000  168.210000000000  449.650000000000  440.560000000000  248.770000000000   51.472000000000
199010    1.872100000000  168.210000000000  449.650000000000  440.560000000000  248.770000000000   51.472000000000
199011    1.872100000000  168.210000000000  449.650000000000  440.560000000000  248.770000000000   51.472000000000
199012    1.872100000000  168.210000000000  449.650000000000  440.560000000000  248.770000000000   51.472000000000
199101    1.872100000000  168.210000000000  449.650000000000  440.560000000000  248.770000000000   51.472000000000
199102    1.872100000000  168.210000000000  449.650000000000  440.560000000000  248.770000000000   51.472000000000
199103    1.872100000000  168.210000000000  449.650000000000  440.560000000000  248.770000000000   51.472000000000
199104    1.872100000000  168.210000000000  449.650000000000  440.560000000000  248.770000000000   51.472000000000
199105    1.872100000000  168.210000000000  449.650000000000  440.560000000000  248.770000000000   51.472000000000
199106    1.872100000000  168.210000000000  449.650000000000  440.560000000000  248.770000000000   51.472000000000
199107    1.872100000000  168.210000000000  449.650000000000  440.560000000000  248.770000000000   51.472000000000
199108    1.872100000000  168.210000000000  449.650000000000  440.560000000000  248.770000000000   51.472000000000
199109    1.872100000000  168.210000000000  449.650000000000  440.560000000000  248.770000000000   51.472000000000
199110    1.872100000000  168.210000000000  449.650000000000  440.560000000000  248.770000000000   51.472000000000
199111    1.872100000000  168.210000000000  449.650000000000  440.560000000000  248.770000000000   51.472000000000
199112    1.872100000000  168.210000000000  449.650000000000  440.560000000000  248.770000000000   51.472000000000
199201    1.872100000000  168.210000000000  449.650000000000  440.560000000000  248.770000000000   51.472000000000
199202    1.872100000000  168.210000000000  449.650000000000  440.560000000000  248.770000000000   51.472000000000
199203    1.872100000000  168.210000000000  449.650000000000  440.560000000000  248.770000000000   51.472000000000
199204    1.872100000000  168.210000000000  449.650000000000  440.560000000000  248.770000000000   51.472000000000
199205    1.872100000000  168.210000000000  449.650000000000  440.560000000000  248.770000000000   51.472000000000
199206    1.872100000000  168.210000000000  449.650000000000  440.560000000000  248.770000000000   51.472000000000
199207    1.872100000000  168.210000000000  449.650000000000  440.560000000000  248.770000000000   51.472000000000
199208    1.872100000000  168.210000000000  449.650000000000  440.560000000000  248.770000000000   51.472000000000
199209    1.872100000000  168.210000000000  449.650000000000  440.560000000000  248.770000000000   51.472000000000
199210    1.872100000000  168.210000000000  449.650000000000  440.560000000000  248.770000000000   51.472000000000
199211    1.872100000000  168.210000000000  449.650000000000  440.560000000000  248.770000000000   51.472000000000
199212    1.872100000000  168.210000000000  449.650000000000  440.560000000000  248.770000000000   51.472000000000
199301    1.872100000000  168.210000000000  449.650000000000  440.560000000000  248.770000000000   51.472000000000
199302    1.872100000000  168.210000000000  449.650000000000  440.560000000000  248.770000000000   51.472000000000
199303    1.872100000000  168.210000000000  449.650000000000  440.560000000000  248.770000000000   51.472000000000
199304    1.872100000000  168.210000000000  449.650000000000  440.560000000000  248.770000000000   51.472000000000
199305    1.872100000000  168.210000000000  449.650000000000  440.560000000000  248.770000000000   51.472000000000
199306    1.872100000000  168.210000000000  449.650000000000  440.560000000000  248.770000000000   51.472000000000
199307    1.872100000000  168.210000000000  449.650000000000  440.560000000000  248.770000000000   51.472000000000
199308    1.872100000000  168.210000000000  449.650000000000  440.560000000000  248.770000000000   51.472000000000
199309    1.872100000000  168.210000000000  449.650000000000  440.560000000000  248.770000000000   51.472000000000
199310    1.872100000000  168.210000000000  449.650000000000  440.560000000000  248.770000000000   51.472000000000
199311    1.872100000000  168.210000000000  449.650000000000  440.560000000000  248.770000000000   51.472000000000
199312    1.872100000000  168.210000000000  449.650000000000  440.560000000000  248.770000000000   51.472000000000
199401    1.872100000000  168.210000000000  449.650000000000  440.560000000000  248.770000000000   51.472000000000
199402    1.872100000000  168.210000000000  449.650000000000  440.560000000000  248.770000000000   51.472000000000
199403    1.872100000000  168.210000000000  449.650000000000  440.560000000000  248.770000000000   51.472000000000
199404    1.872100000000  168.210000000000  449.650000000000  440.560000000000  248.770000000000   51.472000000000
199405    1.872100000000  168.210000000000  449.650000000000  440.560000000000  248.770000000000   51.472000000000
199406    1.872100000000  168.210000000000  449.650000000000  440.560000000000  248.770000000000   51.472000000000
199407    1.872100000000  168.210000000000  449.650000000000  440.560000000000  248.770000000000   51.472000000000
199408    1.872100000000  168.210000000000  449.650000000000  440.560000000000  248.770000000000   51.472000000000
199409    1.872100000000  168.210000000000  449.650000000000  440.560000000000  248.770000000000   51.472000000000
199410    1.872100000000  168.210000000000  449.650000000000  440.560000000000  248.770000000000   51.472000000000
199411    1.872100000000  168.210000000000  449.650000000000  440.560000000000  248.770000000000   51.472000000000
199412    1.872100000000  168.210000000000  449.650000000000  440.560000000000  248.770000000000   51.472000000000
199501    1.872100000000  168.210000000000  449.650000000000  440.560000000000  248.770000000000   51.472000000000
199502    1.872100000000  168.210000000000  449.650000000000  440.560000000000  248.770000000000   51.472000000000
199503    1.872100000000  168.210000000000  449.650000000000  440.560000000000  248.770000000000   51.472000000000
199504    1.872100000000  168.210000000000  449.650000000000  440.560000000000  248.770000000000   51.472000000000
199505    1.872100000000  168.210000000000  449.650000000000  440.560000000000  248.770000000000   51.472000000000
199506    1.872100000000  168.210000000000  449.650000000000  440.560000000000  248.770000000000   51.472000000000
199507    1.872100000000  168.210000000000  449.650000000000  440.560000000000  248.770000000000   51.472000000000
199508    1.872100000000  168.210000000000  449.650000000000  440.560000000000  248.770000000000   51.472000000000
199509    1.872100000000  168.210000000000  449.650000000000  440.560000000000  248.770000000000   51.472000000000
199510    1.872100000000  168.210000000000  449.650000000000  440.560000000000  248.770000000000   51.472000000000
199511    1.872100000000  168.210000000000  449.650000000000  440.560000000000  248.770000000000   51.472000000000
199512    1.872100000000  168.210000000000  449.650000000000  440.560000000000  248.770000000000   51.472000000000
199601    1.872100000000  168.210000000000  449.650000000000  440.560000000000  248.770000000000   51.472000000000
199602    1.872100000000  168.210000000000  449.650000000000  440.560000000000  248.770000000000   51.472000000000
199603    1.872100000000  168.210000000000  449.650000000000  440.560000000000  248.770000000000   51.472000000000
199604    1.872100000000  168.210000000000  449.650000000000  440.560000000000  248.770000000000   51.472000000000
199605    1.872100000000  168.210000000000  449.650000000000  440.560000000000  248.770000000000   51.472000000000
199606    1.872100000000  168.210000000000  449.650000000000  440.560000000000  248.770000000000   51.472000000000
199607    1.872100000000  168.210000000000  449.650000000000  440.560000000000  248.770000000000   51.472000000000
199608    1.872100000000  168.210000000000  449.650000000000  440.560000000000  248.770000000000   51.472000000000
199609    1.872100000000  168.210000000000  449.650000000000  440.560000000000  248.770000000000   51.472000000000
199610    1.872100000000  168.210000000000  449.650000000000  440.560000000000  248.770000000000   51.472000000000
199611    1.872100000000  168.210000000000  449.650000000000  440.560000000000  248.770000000000   51.472000000000
199612    1.872100000000  168.210000000000  449.650000000000  440.560000000000  248.770000000000   51.472000000000
199701    1.872100000000  168.210000000000  449.650000000000  440.560000000000  248.770000000000   51.472000000000
199702    1.872100000000  168.210000000000  449.650000000000  440.560000000000  248.770000000000   51.472000000000
199703    1.872100000000  168.210000000000  449.650000000000  440.560000000000  248.770000000000   51.472000000000
199704    1.872100000000  168.210000000000  449.650000000000  440.560000000000  248.770000000000   51.472000000000
199705    1.872100000000  168.210000000000  449.650000000000  440.560000000000  248.770000000000   51.472000000000
199706    1.872100000000  168.210000000000  449.650000000000  440.560000000000  248.770000000000   51.472000000000
199707    1.872100000000  168.210000000000  449.650000000000  440.560000000000  248.770000000000   51.472000000000
199708    1.872100000000  168.210000000000  449.650000000000  440.560000000000  248.770000000000   51.472000000000
199709    1.872100000000  168.210000000000  449.650000000000  440.560000000000  248.770000000000   51.472000000000
199710    1.872100000000  168.210000000000  449.650000000000  440.560000000000  248.770000000000   51.472000000000
199711    1.872100000000  168.210000000000  449.650000000000  440.560000000000  248.770000000000   51.472000000000
199712    1.872100000000  168.210000000000  449.650000000000  440.560000000000  248.770000000000   51.472000000000
199801    1.872100000000  168.210000000000  449.650000000000  440.560000000000  248.770000000000   51.472000000000
199802    1.872100000000  168.210000000000  449.650000000000  440.560000000000  248.770000000000   51.472000000000
199803    1.872100000000  168.210000000000  449.650000000000  440.560000000000  248.770000000000   51.472000000000
199804    1.872100000000  168.210000000000  449.650000000000  440.560000000000  248.770000000000   51.472000000000
199805    1.872100000000  168.210000000000  449.650000000000  440.560000000000  248.770000000000   51.472000000000
199806    1.872100000000  168.210000000000  449.650000000000  440.560000000000  248.770000000000   51.472000000000
199807    1.872100000000  168.210000000000  449.650000000000  440.560000000000  248.770000000000   51.472000000000
199808    1.872100000000  168.210000000000  449.650000000000  440.560000000000  248.770000000000   51.472000000000
199809    1.872100000000  168.210000000000  449.650000000000  440.560000000000  248.770000000000   51.472000000000
199810    1.872100000000  168.210000000000  449.650000000000  440.560000000000  248.770000000000   51.472000000000
199811    1.872100000000  168.210000000000  449.650000000000  440.560000000000  248.770000000000   51.472000000000
199812    1.872100000000  168.210000000000  449.650000000000  440.560000000000  248.770000000000   51.472000000000
199901    1.872100000000  168.210000000000  449.650000000000  440.560000000000  248.770000000000   51.472000000000
199902    1.872100000000  168.210000000000  449.650000000000  440.560000000000  248.770000000000   51.472000000000
199903    1.872100000000  168.210000000000  449.650000000000  440.560000000000  248.770000000000   51.472000000000
199904    1.872100000000  168.210000000000  449.650000000000  440.560000000000  248.770000000000   51.472000000000
199905    1.872100000000  168.210000000000  449.650000000000  440.560000000000  248.770000000000   51.472000000000
199906    1.872100000000  168.210000000000  449.650000000000  440.560000000000  248.770000000000   51.472000000000
199907    1.872100000000  168.210000000000  449.650000000000  440.560000000000  248.770000000000   51.472000000000
199908    1.872100000000  168.210000000000  449.650000000000  440.560000000000  248.770000000000   51.472000000000
199909    1.872100000000  168.210000000000  449.650000000000  440.560000000000  248.770000000000   51.472000000000
199910    1.872100000000  168.210000000000  449.650000000000  440.560000000000  248.770000000000   51.472000000000
199911    1.872100000000  168.210000000000  449.650000000000  440.560000000000  248.770000000000   51.472000000000
199912    1.872100000000  168.210000000000  449.650000000000  440.560000000000  248.770000000000   51.472000000000
200001    1.872100000000  168.210000000000  449.650000000000  440.560000000000  248.770000000000   51.472000000000
200002    1.872100000000  168.210000000000  449.650000000000  440.560000000000  248.770000000000   51.472000000000
200003    1.872100000000  168.210000000000  449.650000000000  440.560000000000  248.770000000000   51.472000000000
200004    1.872100000000  168.210000000000  449.650000000000  440.560000000000  248.770000000000   51.472000000000
200005    1.872100000000  168.210000000000  449.650000000000  440.560000000000  248.770000000000   51.472000000000
200006    1.872100000000  168.210000000000  449.650000000000  440.560000000000  248.770000000000   51.472000000000
200007    1.872100000000  168.210000000000  449.650000000000  440.560000000000  248.770000000000   51.472000000000
200008    1.872100000000  168.210000000000  449.650000000000  440.560000000000  248.770000000000   51.472000000000
200009    1.872100000000  168.210000000000  449.650000000000  440.560000000000  248.770000000000   51.472000000000
200010    1.872100000000  168.210000000000  449.650000000000  440.560000000000  248.770000000000   51.472000000000
200011    1.872100000000  168.210000000000  449.650000000000  440.560000000000  248.770000000000   51.472000000000
200012    1.872100000000  168.210000000000  449.650000000000  440.560000000000  248.770000000000   51.472000000000
200101    1.872100000000  168.210000000000  449.650000000000  440.560000000000  248.770000000000   51.472000000000
200102    1.872100000000  168.210000000000  449.650000000000  440.560000000000  248.770000000000   51.472000000000
200103    1.872100000000  168.210000000000  449.650000000000  440.560000000000  248.770000000000   51.472000000000
200104    1.872100000000  168.210000000000  449.650000000000  440.560000000000  248.770000000000   51.472000000000
200105    1.872100000000  168.210000000000  449.650000000000  440.560000000000  248.770000000000   51.472000000000
200106    1.872100000000  168.210000000000  449.650000000000  440.560000000000  248.770000000000   51.472000000000
200107    1.872100000000  168.210000000000  449.650000000000  440.560000000000  248.770000000000   51.472000000000
200108    1.872100000000  168.210000000000  449.650000000000  440.560000000000  248.770000000000   51.472000000000
200109    1.872100000000  168.210000000000  449.650000000000  440.560000000000  248.770000000000   51.472000000000
200110    1.872100000000  168.210000000000  449.650000000000  440.560000000000  248.770000000000   51.472000000000
200111    1.872100000000  168.210000000000  449.650000000000  440.560000000000  248.770000000000   51.472000000000
200112    1.872100000000  168.210000000000  449.650000000000  440.560000000000  248.770000000000   51.472000000000
200201    1.872100000000  168.210000000000  449.650000000000  440.560000000000  248.770000000000   51.472000000000
200202    1.872100000000  168.210000000000  449.650000000000  440.560000000000  248.770000000000   51.472000000000
200203    1.872100000000  168.210000000000  449.650000000000  440.560000000000  248.770000000000   51.472000000000
200204    1.872100000000  168.210000000000  449.650000000000  440.560000000000  248.770000000000   51.472000000000
200205    1.872100000000  168.210000000000  449.650000000000  440.560000000000  248.770000000000   51.472000000000
200206    1.872100000000  168.210000000000  449.650000000000  440.560000000000  248.770000000000   51.472000000000
200207    1.872100000000  168.210000000000  449.650000000000  440.560000000000  248.770000000000   51.472000000000
200208    1.872100000000  168.210000000000  449.650000000000  440.560000000000  248.770000000000   51.472000000000
200209    1.872100000000  168.210000000000  449.650000000000  440.560000000000  248.770000000000   51.472000000000
200210    1.872100000000  168.210000000000  449.650000000000  440.560000000000  248.770000000000   51.472000000000
200211    1.872100000000  168.210000000000  449.650000000000  440.560000000000  248.770000000000   51.472000000000
200212    1.872100000000  168.210000000000  449.650000000000  440.560000000000  248.770000000000   51.472000000000
200301    1.872100000000  168.210000000000  449.650000000000  440.560000000000  248.770000000000   51.472000000000
200302    1.872100000000  168.210000000000  449.650000000000  440.560000000000  248.770000000000   51.472000000000
200303    1.872100000000  168.210000000000  449.650000000000  440.560000000000  248.770000000000   51.472000000000
200304    1.872100000000  168.210000000000  449.650000000000  440.560000000000  248.770000000000   51.472000000000
200305    1.872100000000  168.210000000000  449.650000000000  440.560000000000  248.770000000000   51.472000000000
200306    1.872100000000  168.210000000000  449.650000000000  440.560000000000  248.770000000000   51.472000000000
200307    1.872100000000  168.210000000000  449.650000000000  440.560000000000  248.770000000000   51.472000000000
200308    1.872100000000  168.210000000000  449.650000000000  440.560000000000  248.770000000000   51.472000000000
200309    1.872100000000  168.210000000000  449.650000000000  440.560000000000  248.770000000000   51.472000000000
200310    1.872100000000  168.210000000000  449.650000000000  440.560000000000  248.770000000000   51.472000000000
200311    1.872100000000  168.210000000000  449.650000000000  440.560000000000  248.770000000000   51.472000000000
200312    1.872100000000  168.210000000000  449.650000000000  440.560000000000  248.770000000000   51.472000000000
200401    1.872100000000  168.210000000000  449.650000000000  440.560000000000  248.770000000000   51.472000000000
200402    1.872100000000  168.210000000000  449.650000000000  440.560000000000  248.770000000000   51.472000000000
200403    1.872100000000  168.210000000000  449.650000000000  440.560000000000  248.770000000000   51.472000000000
200404    1.872100000000  168.210000000000  449.650000000000  440.560000000000  248.770000000000   51.472000000000
200405    1.872100000000  168.210000000000  449.650000000000  440.560000000000  248.770000000000   51.472000000000
200406    1.872100000000  168.210000000000  449.650000000000  440.560000000000  248.770000000000   51.472000000000
200407    1.872100000000  168.210000000000  449.650000000000  440.560000000000  248.770000000000   51.472000000000
200408    1.872100000000  168.210000000000  449.650000000000  440.560000000000  248.770000000000   51.472000000000
200409    1.872100000000  168.210000000000  449.650000000000  440.560000000000  248.770000000000   51.472000000000
200410    1.872100000000  168.210000000000  449.650000000000  440.560000000000  248.770000000000   51.472000000000
200411    1.872100000000  168.210000000000  449.650000000000  440.560000000000  248.770000000000   51.472000000000
200412    1.872100000000  168.210000000000  449.650000000000  440.560000000000  248.770000000000   51.472000000000
200501    1.872100000000  168.210000000000  449.650000000000  440.560000000000  248.770000000000   51.472000000000
200502    1.872100000000  168.210000000000  449.650000000000  440.560000000000  248.770000000000   51.472000000000
200503    1.872100000000  168.210000000000  449.650000000000  440.560000000000  248.770000000000   51.472000000000
200504    1.872100000000  168.210000000000  449.650000000000  440.560000000000  248.770000000000   51.472000000000
200505    1.872100000000  168.210000000000  449.650000000000  440.560000000000  248.770000000000   51.472000000000
200506    1.872100000000  168.210000000000  449.650000000000  440.560000000000  248.770000000000   51.472000000000
200507    1.872100000000  168.210000000000  449.650000000000  440.560000000000  248.770000000000   51.472000000000
200508    1.872100000000  168.210000000000  449.650000000000  440.560000000000  248.770000000000   51.472000000000
200509    1.872100000000  168.210000000000  449.650000000000  440.560000000000  248.770000000000   51.472000000000
200510    1.872100000000  168.210000000000  449.650000000000  440.560000000000  248.770000000000   51.472000000000
200511    1.872100000000  168.210000000000  449.650000000000  440.560000000000  248.770000000000   51.472000000000
200512    1.872100000000  168.210000000000  449.650000000000  440.560000000000  248.770000000000   51.472000000000
200601    1.872100000000  168.210000000000  449.650000000000  440.560000000000  248.770000000000   51.472000000000
200602    1.872100000000  168.210000000000  449.650000000000  440.560000000000  248.770000000000   51.472000000000
200603    1.872100000000  168.210000000000  449.650000000000  440.560000000000  248.770000000000   51.472000000000
200604    1.872100000000  168.210000000000  449.650000000000  440.560000000000  248.770000000000   51.472000000000
200605    1.872100000000  168.210000000000  449.650000000000  440.560000000000  248.770000000000   51.472000000000
200606    1.872100000000  168.210000000000  449.650000000000  440.560000000000  248.770000000000   51.472000000000
200607    1.872100000000  168.210000000000  449.650000000000  440.560000000000  248.770000000000   51.472000000000
200608    1.872100000000  168.210000000000  449.650000000000  440.560000000000  248.770000000000   51.472000000000
200609    1.872100000000  168.210000000000  449.650000000000  440.560000000000  248.770000000000   51.472000000000
200610    1.872100000000  168.210000000000  449.650000000000  440.560000000000  248.770000000000   51.472000000000
200611    1.872100000000  168.210000000000  449.650000000000  440.560000000000  248.770000000000   51.472000000000
200612    1.872100000000  168.210000000000  449.650000000000  440.560000000000  248.770000000000   51.472000000000
200701    1.872100000000  168.210000000000  449.650000000000  440.560000000000  248.770000000000   51.472000000000
200702    1.872100000000  168.210000000000  449.650000000000  440.560000000000  248.770000000000   51.472000000000
200703    1.872100000000  168.210000000000  449.650000000000  440.560000000000  248.770000000000   51.472000000000
200704    1.872100000000  168.210000000000  449.650000000000  440.560000000000  248.770000000000   51.472000000000
200705    1.872100000000  168.210000000000  449.650000000000  440.560000000000  248.770000000000   51.472000000000
200706    1.872100000000  168.210000000000  449.650000000000  440.560000000000  248.770000000000   51.472000000000
200707    1.872100000000  168.210000000000  449.650000000000  440.560000000000  248.770000000000   51.472000000000
200708    1.872100000000  168.210000000000  449.650000000000  440.560000000000  248.770000000000   51.472000000000
200709    1.872100000000  168.210000000000  449.650000000000  440.560000000000  248.770000000000   51.472000000000
200710    1.872100000000  168.210000000000  449.650000000000  440.560000000000  248.770000000000   51.472000000000
200711    1.872100000000  168.210000000000  449.650000000000  440.560000000000  248.770000000000   51.472000000000
200712    1.872100000000  168.210000000000  449.650000000000  440.560000000000  248.770000000000   51.472000000000
200801    1.872100000000  168.210000000000  449.650000000000  440.560000000000  248.770000000000   51.472000000000
200802    1.872100000000  168.210000000000  449.650000000000  440.560000000000  248.770000000000   51.472000000000
200803    1.872100000000  168.210000000000  449.650000000000  440.560000000000  248.770000000000   51.472000000000
200804    1.872100000000  168.210000000000  449.650000000000  440.560000000000  248.770000000000   51.472000000000
200805    1.872100000000  168.210000000000  449.650000000000  440.560000000000  248.770000000000   51.472000000000
200806    1.872100000000  168.210000000000  449.650000000000  440.560000000000  248.770000000000   51.472000000000
200807    1.872100000000  168.210000000000  449.650000000000  440.560000000000  248.770000000000   51.472000000000
200808    1.872100000000  168.210000000000  449.650000000000  440.560000000000  248.770000000000   51.472000000000
200809    1.872100000000  168.210000000000  449.650000000000  440.560000000000  248.770000000000   51.472000000000
200810    1.872100000000  168.210000000000  449.650000000000  440.560000000000  248.770000000000   51.472000000000
200811    1.872100000000  168.210000000000  449.650000000000  440.560000000000  248.770000000000   51.472000000000
200812    1.872100000000  168.210000000000  449.650000000000  440.560000000000  248.770000000000   51.472000000000
200901    1.872100000000  168.210000000000  449.650000000000  440.560000000000  248.770000000000   51.472000000000
200902    1.872100000000  168.210000000000  449.650000000000  440.560000000000  248.770000000000   51.472000000000
200903    1.872100000000  168.210000000000  449.650000000000  440.560000000000  248.770000000000   51.472000000000
200904    1.872100000000  168.210000000000  449.650000000000  440.560000000000  248.770000000000   51.472000000000
200905    1.872100000000  168.210000000000  449.650000000000  440.560000000000  248.770000000000   51.472000000000
200906    1.872100000000  168.210000000000  449.650000000000  440.560000000000  248.770000000000   51.472000000000
200907    1.872100000000  168.210000000000  449.650000000000  440.560000000000  248.770000000000   51.472000000000
200908    1.872100000000  168.210000000000  449.650000000000  440.560000000000  248.770000000000   51.472000000000
200909    1.872100000000  168.210000000000  449.650000000000  440.560000000000  248.770000000000   51.472000000000
200910    1.872100000000  168.210000000000  449.650000000000  440.560000000000  248.770000000000   51.472000000000
200911    1.872100000000  168.210000000000  449.650000000000  440.560000000000  248.770000000000   51.472000000000
200912    1.872100000000  168.210000000000  449.650000000000  440.560000000000  248.770000000000   51.472000000000
201001    1.872100000000  168.210000000000  449.650000000000  440.560000000000  248.770000000000   51.472000000000
201002    1.872100000000  168.210000000000  449.650000000000  440.560000000000  248.770000000000   51.472000000000
201003    1.872100000000  168.210000000000  449.650000000000  440.560000000000  248.770000000000   51.472000000000
201004    1.872100000000  168.210000000000  449.650000000000  440.560000000000  248.770000000000   51.472000000000
201005    1.872100000000  168.210000000000  449.650000000000  440.560000000000  248.770000000000   51.472000000000
201006    1.872100000000  168.210000000000  449.650000000000  440.560000000000  248.770000000000   51.472000000000
201007    1.872100000000  168.210000000000  449.650000000000  440.560000000000  248.770000000000   51.472000000000
201008    1.872100000000  168.210000000000  449.650000000000  440.560000000000  248.770000000000   51.472000000000
201009    1.872100000000  168.210000000000  449.650000000000  440.560000000000  248.770000000000   51.472000000000
201010    1.872100000000  168.210000000000  449.650000000000  440.560000000000  248.770000000000   51.472000000000
201011    1.872100000000  168.210000000000  449.650000000000  440.560000000000  248.770000000000   51.472000000000
201012    1.872100000000  168.210000000000  449.650000000000  440.560000000000  248.770000000000   51.472000000000
201101    1.872100000000  168.210000000000  449.650000000000  440.560000000000  248.770000000000   51.472000000000
201102    1.872100000000  168.210000000000  449.650000000000  440.560000000000  248.770000000000   51.472000000000
201103    1.872100000000  168.210000000000  449.650000000000  440.560000000000  248.770000000000   51.472000000000
201104    1.872100000000  168.210000000000  449.650000000000  440.560000000000  248.770000000000   51.472000000000
201105    1.872100000000  168.210000000000  449.650000000000  440.560000000000  248.770000000000   51.472000000000
201106    1.872100000000  168.210000000000  449.650000000000  440.560000000000  248.770000000000   51.472000000000
201107    1.872100000000  168.210000000000  449.650000000000  440.560000000000  248.770000000000   51.472000000000
201108    1.872100000000  168.210000000000  449.650000000000  440.560000000000  248.770000000000   51.472000000000
201109    1.872100000000  168.210000000000  449.650000000000  440.560000000000  248.770000000000   51.472000000000
201110    1.872100000000  168.210000000000  449.650000000000  440.560000000000  248.770000000000   51.472000000000
201111    1.872100000000  168.210000000000  449.650000000000  440.560000000000  248.770000000000   51.472000000000
201112    1.872100000000  168.210000000000  449.650000000000  440.560000000000  248.770000000000   51.472000000000
201201    1.872100000000  168.210000000000  449.650000000000  440.560000000000  248.770000000000   51.472000000000
201202    1.872100000000  168.210000000000  449.650000000000  440.560000000000  248.770000000000   51.472000000000
201203    1.872100000000  168.210000000000  449.650000000000  440.560000000000  248.770000000000   51.472000000000
201204    1.872100000000  168.210000000000  449.650000000000  440.560000000000  248.770000000000   51.472000000000
201205    1.872100000000  168.210000000000  449.650000000000  440.560000000000  248.770000000000   51.472000000000
201206    1.872100000000  168.210000000000  449.650000000000  440.560000000000  248.770000000000   51.472000000000
201207    1.872100000000  168.210000000000  449.650000000000  440.560000000000  248.770000000000   51.472000000000
201208    1.872100000000  168.210000000000  449.650000000000  440.560000000000  248.770000000000   51.472000000000
201209    1.872100000000  168.210000000000  449.650000000000  440.560000000000  248.770000000000   51.472000000000
201210    1.872100000000  168.210000000000  449.650000000000  440.560000000000  248.770000000000   51.472000000000
201211    1.872100000000  168.210000000000  449.650000000000  440.560000000000  248.770000000000   51.472000000000
201212    1.872100000000  168.210000000000  449.650000000000  440.560000000000  248.770000000000   51.472000000000
201301    1.872100000000  168.210000000000  449.650000000000  440.560000000000  248.770000000000   51.472000000000
201302    1.872100000000  168.210000000000  449.650000000000  440.560000000000  248.770000000000   51.472000000000
201303    1.872100000000  168.210000000000  449.650000000000  440.560000000000  248.770000000000   51.472000000000
201304    1.872100000000  168.210000000000  449.650000000000  440.560000000000  248.770000000000   51.472000000000
201305    1.872100000000  168.210000000000  449.650000000000  440.560000000000  248.770000000000   51.472000000000
201306    1.872100000000  168.210000000000  449.650000000000  440.560000000000  248.770000000000   51.472000000000
201307    1.872100000000  168.210000000000  449.650000000000  440.560000000000  248.770000000000   51.472000000000
201308    1.872100000000  168.210000000000  449.650000000000  440.560000000000  248.770000000000   51.472000000000
201309    1.872100000000  168.210000000000  449.650000000000  440.560000000000  248.770000000000   51.472000000000
201310    1.872100000000  168.210000000000  449.650000000000  440.560000000000  248.770000000000   51.472000000000
201311    1.872100000000  168.210000000000  449.650000000000  440.560000000000  248.770000000000   51.472000000000
201312    1.872100000000  168.210000000000  449.650000000000  440.560000000000  248.770000000000   51.472000000000
