196601    1.920200000000  168.680000000000  449.550000000000  440.510000000000  248.780000000000   51.481000000000
196602    1.920200000000  168.680000000000  449.550000000000  440.510000000000  248.780000000000   51.481000000000
196603    1.920200000000  168.680000000000  449.550000000000  440.510000000000  248.780000000000   51.481000000000
196604    1.920200000000  168.680000000000  449.550000000000  440.510000000000  248.780000000000   51.481000000000
196605    1.920200000000  168.680000000000  449.550000000000  440.510000000000  248.780000000000   51.481000000000
196606    1.920200000000  168.680000000000  449.550000000000  440.510000000000  248.780000000000   51.481000000000
196607    1.920200000000  168.680000000000  449.550000000000  440.510000000000  248.780000000000   51.481000000000
196608    1.920200000000  168.680000000000  449.550000000000  440.510000000000  248.780000000000   51.481000000000
196609    1.920200000000  168.680000000000  449.550000000000  440.510000000000  248.780000000000   51.481000000000
196610    1.920200000000  168.680000000000  449.550000000000  440.510000000000  248.780000000000   51.481000000000
196611    1.920200000000  168.680000000000  449.550000000000  440.510000000000  248.780000000000   51.481000000000
196612    1.920200000000  168.680000000000  449.550000000000  440.510000000000  248.780000000000   51.481000000000
196701    1.920200000000  168.680000000000  449.550000000000  440.510000000000  248.780000000000   51.481000000000
196702    1.920200000000  168.680000000000  449.550000000000  440.510000000000  248.780000000000   51.481000000000
196703    1.920200000000  168.680000000000  449.550000000000  440.510000000000  248.780000000000   51.481000000000
196704    1.920200000000  168.680000000000  449.550000000000  440.510000000000  248.780000000000   51.481000000000
196705    1.920200000000  168.680000000000  449.550000000000  440.510000000000  248.780000000000   51.481000000000
196706    1.920200000000  168.680000000000  449.550000000000  440.510000000000  248.780000000000   51.481000000000
196707    1.920200000000  168.680000000000  449.550000000000  440.510000000000  248.780000000000   51.481000000000
196708    1.920200000000  168.680000000000  449.550000000000  440.510000000000  248.780000000000   51.481000000000
196709    1.920200000000  168.680000000000  449.550000000000  440.510000000000  248.780000000000   51.481000000000
196710    1.920200000000  168.680000000000  449.550000000000  440.510000000000  248.780000000000   51.481000000000
196711    1.920200000000  168.680000000000  449.550000000000  440.510000000000  248.780000000000   51.481000000000
196712    1.920200000000  168.680000000000  449.550000000000  440.510000000000  248.780000000000   51.481000000000
196801    1.920200000000  168.680000000000  449.550000000000  440.510000000000  248.780000000000   51.481000000000
196802    1.920200000000  168.680000000000  449.550000000000  440.510000000000  248.780000000000   51.481000000000
196803    1.920200000000  168.680000000000  449.550000000000  440.510000000000  248.780000000000   51.481000000000
196804    1.920200000000  168.680000000000  449.550000000000  440.510000000000  248.780000000000   51.481000000000
196805    1.920200000000  168.680000000000  449.550000000000  440.510000000000  248.780000000000   51.481000000000
196806    1.920200000000  168.680000000000  449.550000000000  440.510000000000  248.780000000000   51.481000000000
196807    1.920200000000  168.680000000000  449.550000000000  440.510000000000  248.780000000000   51.481000000000
196808    1.920200000000  168.680000000000  449.550000000000  440.510000000000  248.780000000000   51.481000000000
196809    1.920200000000  168.680000000000  449.550000000000  440.510000000000  248.780000000000   51.481000000000
196810    1.920200000000  168.680000000000  449.550000000000  440.510000000000  248.780000000000   51.481000000000
196811    1.920200000000  168.680000000000  449.550000000000  440.510000000000  248.780000000000   51.481000000000
196812    1.920200000000  168.680000000000  449.550000000000  440.510000000000  248.780000000000   51.481000000000
196901    1.920200000000  168.680000000000  449.550000000000  440.510000000000  248.780000000000   51.481000000000
196902    1.920200000000  168.680000000000  449.550000000000  440.510000000000  248.780000000000   51.481000000000
196903    1.920200000000  168.680000000000  449.550000000000  440.510000000000  248.780000000000   51.481000000000
196904    1.920200000000  168.680000000000  449.550000000000  440.510000000000  248.780000000000   51.481000000000
196905    1.920200000000  168.680000000000  449.550000000000  440.510000000000  248.780000000000   51.481000000000
196906    1.920200000000  168.680000000000  449.550000000000  440.510000000000  248.780000000000   51.481000000000
196907    1.920200000000  168.680000000000  449.550000000000  440.510000000000  248.780000000000   51.481000000000
196908    1.920200000000  168.680000000000  449.550000000000  440.510000000000  248.780000000000   51.481000000000
196909    1.920200000000  168.680000000000  449.550000000000  440.510000000000  248.780000000000   51.481000000000
196910    1.920200000000  168.680000000000  449.550000000000  440.510000000000  248.780000000000   51.481000000000
196911    1.920200000000  168.680000000000  449.550000000000  440.510000000000  248.780000000000   51.481000000000
196912    1.920200000000  168.680000000000  449.550000000000  440.510000000000  248.780000000000   51.481000000000
197001    1.920200000000  168.680000000000  449.550000000000  440.510000000000  248.780000000000   51.481000000000
197002    1.920200000000  168.680000000000  449.550000000000  440.510000000000  248.780000000000   51.481000000000
197003    1.920200000000  168.680000000000  449.550000000000  440.510000000000  248.780000000000   51.481000000000
197004    1.920200000000  168.680000000000  449.550000000000  440.510000000000  248.780000000000   51.481000000000
197005    1.920200000000  168.680000000000  449.550000000000  440.510000000000  248.780000000000   51.481000000000
197006    1.920200000000  168.680000000000  449.550000000000  440.510000000000  248.780000000000   51.481000000000
197007    1.920200000000  168.680000000000  449.550000000000  440.510000000000  248.780000000000   51.481000000000
197008    1.920200000000  168.680000000000  449.550000000000  440.510000000000  248.780000000000   51.481000000000
197009    1.920200000000  168.680000000000  449.550000000000  440.510000000000  248.780000000000   51.481000000000
197010    1.920200000000  168.680000000000  449.550000000000  440.510000000000  248.780000000000   51.481000000000
197011    1.920200000000  168.680000000000  449.550000000000  440.510000000000  248.780000000000   51.481000000000
197012    1.920200000000  168.680000000000  449.550000000000  440.510000000000  248.780000000000   51.481000000000
197101    1.920200000000  168.680000000000  449.550000000000  440.510000000000  248.780000000000   51.481000000000
197102    1.920200000000  168.680000000000  449.550000000000  440.510000000000  248.780000000000   51.481000000000
197103    1.920200000000  168.680000000000  449.550000000000  440.510000000000  248.780000000000   51.481000000000
197104    1.920200000000  168.680000000000  449.550000000000  440.510000000000  248.780000000000   51.481000000000
197105    1.920200000000  168.680000000000  449.550000000000  440.510000000000  248.780000000000   51.481000000000
197106    1.920200000000  168.680000000000  449.550000000000  440.510000000000  248.780000000000   51.481000000000
197107    1.920200000000  168.680000000000  449.550000000000  440.510000000000  248.780000000000   51.481000000000
197108    1.920200000000  168.680000000000  449.550000000000  440.510000000000  248.780000000000   51.481000000000
197109    1.920200000000  168.680000000000  449.550000000000  440.510000000000  248.780000000000   51.481000000000
197110    1.920200000000  168.680000000000  449.550000000000  440.510000000000  248.780000000000   51.481000000000
197111    1.920200000000  168.680000000000  449.550000000000  440.510000000000  248.780000000000   51.481000000000
197112    1.920200000000  168.680000000000  449.550000000000  440.510000000000  248.780000000000   51.481000000000
197201    1.920200000000  168.680000000000  449.550000000000  440.510000000000  248.780000000000   51.481000000000
197202    1.920200000000  168.680000000000  449.550000000000  440.510000000000  248.780000000000   51.481000000000
197203    1.920200000000  168.680000000000  449.550000000000  440.510000000000  248.780000000000   51.481000000000
197204    1.920200000000  168.680000000000  449.550000000000  440.510000000000  248.780000000000   51.481000000000
197205    1.920200000000  168.680000000000  449.550000000000  440.510000000000  248.780000000000   51.481000000000
197206    1.920200000000  168.680000000000  449.550000000000  440.510000000000  248.780000000000   51.481000000000
197207    1.920200000000  168.680000000000  449.550000000000  440.510000000000  248.780000000000   51.481000000000
197208    1.920200000000  168.680000000000  449.550000000000  440.510000000000  248.780000000000   51.481000000000
197209    1.920200000000  168.680000000000  449.550000000000  440.510000000000  248.780000000000   51.481000000000
197210    1.920200000000  168.680000000000  449.550000000000  440.510000000000  248.780000000000   51.481000000000
197211    1.920200000000  168.680000000000  449.550000000000  440.510000000000  248.780000000000   51.481000000000
197212    1.920200000000  168.680000000000  449.550000000000  440.510000000000  248.780000000000   51.481000000000
197301    1.920200000000  168.680000000000  449.550000000000  440.510000000000  248.780000000000   51.481000000000
197302    1.920200000000  168.680000000000  449.550000000000  440.510000000000  248.780000000000   51.481000000000
197303    1.920200000000  168.680000000000  449.550000000000  440.510000000000  248.780000000000   51.481000000000
197304    1.920200000000  168.680000000000  449.550000000000  440.510000000000  248.780000000000   51.481000000000
197305    1.920200000000  168.680000000000  449.550000000000  440.510000000000  248.780000000000   51.481000000000
197306    1.920200000000  168.680000000000  449.550000000000  440.510000000000  248.780000000000   51.481000000000
197307    1.920200000000  168.680000000000  449.550000000000  440.510000000000  248.780000000000   51.481000000000
197308    1.920200000000  168.680000000000  449.550000000000  440.510000000000  248.780000000000   51.481000000000
197309    1.920200000000  168.680000000000  449.550000000000  440.510000000000  248.780000000000   51.481000000000
197310    1.920200000000  168.680000000000  449.550000000000  440.510000000000  248.780000000000   51.481000000000
197311    1.920200000000  168.680000000000  449.550000000000  440.510000000000  248.780000000000   51.481000000000
197312    1.920200000000  168.680000000000  449.550000000000  440.510000000000  248.780000000000   51.481000000000
197401    1.920200000000  168.680000000000  449.550000000000  440.510000000000  248.780000000000   51.481000000000
197402    1.920200000000  168.680000000000  449.550000000000  440.510000000000  248.780000000000   51.481000000000
197403    1.920200000000  168.680000000000  449.550000000000  440.510000000000  248.780000000000   51.481000000000
197404    1.920200000000  168.680000000000  449.550000000000  440.510000000000  248.780000000000   51.481000000000
197405    1.920200000000  168.680000000000  449.550000000000  440.510000000000  248.780000000000   51.481000000000
197406    1.920200000000  168.680000000000  449.550000000000  440.510000000000  248.780000000000   51.481000000000
197407    1.920200000000  168.680000000000  449.550000000000  440.510000000000  248.780000000000   51.481000000000
197408    1.919374193548  168.678387096774  449.558064516129  440.514516129032  248.782258064516   51.481193548387
197409    1.922423333333  168.698333333333  449.538666666667  440.505000000000  248.771333333333   51.481566666667
197410    1.924306451613  168.712258064516  449.538709677419  440.510645161291  248.767741935484   51.482258064516
197411    1.918693333333  168.682333333333  449.571000000000  440.529000000000  248.782000000000   51.482400000000
197412    1.911390322581  168.609354838710  449.545806451613  440.508387096774  248.785161290323   51.480387096774
197501    1.906722580645  168.569032258065  449.552580645161  440.511612903226  248.790322580645   51.479838709677
197502    1.903246428571  168.539285714286  449.555000000000  440.512857142857  248.793214285714   51.479285714286
197503    1.901154838710  168.519354838710  449.558064516129  440.514193548387  248.790967741935   51.479000000000
197504    1.900490000000  168.516000000000  449.571000000000  440.523000000000  248.791000000000   51.479066666667
197505    1.899725806452  168.500967741936  449.555161290323  440.508387096774  248.788387096774   51.478225806452
197506    1.902300000000  168.524000000000  449.563333333333  440.514666666667  248.787333333333   51.478700000000
197507    1.910683870968  168.598064516129  449.569677419355  440.524516129033  248.779677419355   51.480387096774
197508    1.917200000000  168.632258064516  449.520645161290  440.499032258064  248.763548387097   51.480451612903
197509    1.911750000000  168.630000000000  449.593666666667  440.541000000000  248.792000000000   51.481766666667
197510    1.907535483871  168.580967741935  449.556451612903  440.514838709678  248.791935483871   51.480129032258
197511    1.907780000000  168.574000000000  449.547000000000  440.511333333333  248.787333333333   51.480066666667
197512    1.903312903226  168.545161290323  449.568387096774  440.521290322581  248.794193548387   51.479548387097
197601    1.901745161290  168.518064516129  449.554838709677  440.511612903226  248.785806451613   51.478774193548
197602    1.900306896552  168.513448275862  449.578620689655  440.525862068966  248.790000000000   51.479000000000
197603    1.903522580645  168.519032258065  449.549677419355  440.509677419355  248.777096774194   51.478419354839
197604    1.904456666667  168.528333333333  449.553666666667  440.513333333333  248.776333333333   51.478600000000
197605    1.901790322581  168.523225806452  449.581935483871  440.530967741936  248.788064516129   51.479064516129
197606    1.900986666667  168.514000000000  449.570666666667  440.521666666667  248.789000000000   51.478800000000
197607    1.900512903226  168.517419354839  449.578387096774  440.527419354839  248.790000000000   51.479064516129
197608    1.903922580645  168.532258064516  449.553225806452  440.512903225807  248.781612903226   51.478967741935
197609    1.902713333333  168.528666666667  449.563666666667  440.520000000000  248.788333333333   51.479266666667
197610    1.902509677419  168.525161290323  449.560322580645  440.516451612903  248.787741935484   51.479161290323
197611    1.901016666667  168.518333333333  449.565000000000  440.518333333333  248.794333333333   51.478833333333
197612    1.902545161290  168.524838709677  449.547419354839  440.508709677419  248.789677419355   51.478806451613
197701    1.903793548387  168.545161290323  449.550322580645  440.511612903226  248.792903225806   51.479419354839
197702    1.906946428571  168.573571428571  449.536785714285  440.505357142857  248.790714285714   51.479964285714
197703    1.906403225806  168.588064516129  449.546129032258  440.510322580645  248.799354838710   51.480709677419
197704    1.910816666667  168.626333333333  449.532666666667  440.504333333333  248.798000000000   51.481433333333
197705    1.915306451613  168.678064516129  449.544193548387  440.515161290323  248.801612903226   51.482806451613
197706    1.922320000000  168.707333333333  449.475666666667  440.472666666667  248.780333333333   51.482200000000
197707    1.924216129032  168.770645161290  449.553548387097  440.524516129033  248.799677419355   51.484806451613
197708    1.927461290323  168.799032258065  449.552258064516  440.524193548387  248.796129032258   51.485354838710
197709    1.927206666667  168.746000000000  449.442333333333  440.448000000000  248.778333333333   51.482200000000
197710    1.927458064516  168.759677419355  449.428064516129  440.434516129032  248.784838709677   51.482193548387
197711    1.942370000000  168.970333333333  449.548666666667  440.529333333333  248.804000000000   51.489033333333
197712    1.950812903226  169.034193548387  449.501290322581  440.500322580645  248.793548387097   51.489580645161
197801    1.956609677419  169.092903225806  449.514516129032  440.507096774194  248.795161290323   51.490645161290
197802    1.974557142857  169.179285714286  449.414285714286  440.451785714286  248.742857142857   51.490285714286
197803    1.969400000000  169.150322580645  449.461290322581  440.472580645161  248.760967741936   51.490096774194
197804    1.967020000000  169.116333333333  449.426666666667  440.444000000000  248.761333333333   51.488766666667
197805    1.970664516129  169.159354838710  449.429354838710  440.451612903226  248.767096774194   51.490258064516
197806    1.976286666667  169.245666666667  449.476666666667  440.491333333333  248.779333333333   51.493466666667
197807    1.975580645161  169.258387096774  449.493870967742  440.501612903226  248.787419354839   51.494129032258
197808    1.968767741935  169.211935483871  449.528387096774  440.514516129032  248.799354838710   51.493129032258
197809    1.979920000000  169.195666666667  449.371000000000  440.413000000000  248.733333333333   51.489033333333
197810    1.981632258065  169.242580645161  449.506451612903  440.496774193548  248.746774193548   51.491516129032
197811    1.980926666667  169.226000000000  449.519000000000  440.494000000000  248.745666666667   51.490233333333
197812    1.992516129032  169.240322580645  449.356451612903  440.388064516129  248.698709677419   51.486967741935
197901    2.017935483871  169.478709677419  449.406129032258  440.439354838710  248.693548387097   51.493806451613
197902    2.024078571429  169.605714285714  449.482500000000  440.497857142857  248.722857142857   51.498714285714
197903    2.025961290323  169.704193548387  449.578064516129  440.566451612903  248.753548387097   51.503000000000
197904    2.010356666667  169.527333333333  449.447333333333  440.465666666667  248.743333333333   51.496433333333
197905    2.004509677419  169.492580645161  449.490645161290  440.493225806452  248.749677419355   51.496322580645
197906    2.004823333333  169.391666666667  449.347666666667  440.394000000000  248.705666666667   51.491066666667
197907    2.003677419355  169.416451612903  449.479354838710  440.476774193548  248.731290322581   51.493645161290
197908    2.007487096774  169.439677419355  449.505806451613  440.492258064516  248.724193548387   51.493935483871
197909    2.017790000000  169.497666666667  449.486000000000  440.481333333333  248.697666666667   51.494100000000
197910    2.021674193548  169.528709677419  449.476451612903  440.476129032258  248.682903225806   51.493903225806
197911    2.025113333333  169.529333333333  449.406666666667  440.434333333333  248.663666666667   51.492800000000
197912    2.016687096774  169.538064516129  449.570645161290  440.536451612903  248.722258064516   51.496645161290
198001    2.015751612903  169.484193548387  449.510322580645  440.498387096774  248.717419354839   51.495225806452
198002    2.008520689655  169.389655172414  449.427931034483  440.440689655172  248.705517241379   51.491724137931
198003    2.001312903226  169.431935483871  449.623870967742  440.567741935484  248.750322580645   51.495774193548
198004    2.003593333333  169.337666666667  449.393666666667  440.415000000000  248.685666666667   51.489233333333
198005    2.012745161290  169.414193548387  449.391612903226  440.425483870968  248.670322580645   51.491032258065
198006    2.006220000000  169.442333333333  449.542333333333  440.518333333333  248.722666666667   51.494566666667
198007    2.005274193548  169.436129032258  449.523225806452  440.507419354839  248.727096774194   51.494548387097
198008    1.998845161290  169.380000000000  449.532258064516  440.504838709677  248.742258064516   51.493612903226
198009    2.002270000000  169.382666666667  449.484000000000  440.476666666667  248.719000000000   51.492433333333
198010    2.005312903226  169.424516129032  449.496774193548  440.488387096774  248.704838709677   51.492967741935
198011    2.004836666667  169.370666666667  449.401000000000  440.420666666667  248.683666666667   51.489800000000
198012    2.014277419355  169.497741935484  449.466774193548  440.478709677419  248.685806451613   51.494161290323
198101    1.998906451613  169.452580645161  449.621290322581  440.565161290323  248.754838709677   51.496096774194
198102    2.003860714286  169.363571428571  449.372142857143  440.402857142857  248.699642857143   51.489928571429
198103    2.009509677419  169.472580645161  449.482258064516  440.482258064516  248.715806451613   51.494548387097
198104    2.015866666667  169.552000000000  449.515333333333  440.517000000000  248.708333333333   51.496966666667
198105    2.004609677419  169.453870967742  449.525806451613  440.510322580645  248.718064516129   51.494516129032
198106    1.990503333333  169.331666666667  449.592000000000  440.536000000000  248.739666666667   51.492033333333
198107    2.000164516129  169.241935483871  449.371290322581  440.383870967742  248.662258064516   51.484935483871
198108    2.016038709677  169.428064516129  449.518064516129  440.490322580645  248.664193548387   51.491096774194
198109    2.025923333333  169.565666666667  449.606000000000  440.559000000000  248.671000000000   51.495633333333
198110    2.022696774194  169.498064516129  449.490000000000  440.478064516129  248.660967741935   51.492258064516
198111    2.015160000000  169.479000000000  449.565666666667  440.524333333333  248.697000000000   51.493966666667
198112    2.013667741935  169.448387096774  449.550967741935  440.516774193548  248.690322580645   51.493322580645
198201    2.001335483871  169.388387096774  449.676129032258  440.590645161290  248.721612903226   51.493709677419
198202    2.002700000000  169.243214285714  449.416071428571  440.418928571429  248.641071428571   51.485285714286
198203    1.999025806452  169.230000000000  449.458709677419  440.447419354839  248.638064516129   51.485548387097
198204    1.983020000000  169.166333333333  449.604000000000  440.531666666667  248.695000000000   51.487033333333
198205    1.979851612903  169.186129032258  449.685806451613  440.588387096774  248.720322580645   51.489516129032
198206    1.981046666667  169.088666666667  449.437666666667  440.427666666667  248.670333333333   51.483333333333
198207    1.982851612903  169.177419354839  449.551290322581  440.506451612903  248.706129032258   51.488032258065
198208    1.990945161290  169.246451612903  449.509354838710  440.487741935484  248.700967741935   51.489354838710
198209    1.996903333333  169.331000000000  449.554000000000  440.522333333333  248.720666666667   51.492800000000
198210    1.998461290323  169.367741935484  449.567096774194  440.534838709677  248.734193548387   51.494354838710
198211    1.993380000000  169.298666666667  449.491333333333  440.481666666667  248.728000000000   51.491800000000
198212    2.000822580645  169.349677419355  449.453870967742  440.471935483871  248.701612903226   51.492612903226
198301    1.978687096774  169.203225806452  449.531612903226  440.507096774194  248.748709677419   51.490838709677
198302    1.965400000000  169.074285714286  449.509285714286  440.484642857143  248.760000000000   51.488035714286
198303    1.960177419355  169.025806451613  449.508064516129  440.485161290323  248.759677419355   51.487193548387
198304    1.961040000000  169.043000000000  449.544000000000  440.511000000000  248.758666666667   51.488033333333
198305    1.964200000000  169.044838709677  449.484516129032  440.474838709677  248.737096774194   51.486677419355
198306    1.967903333333  169.063333333333  449.445666666667  440.454333333333  248.728333333333   51.487066666667
198307    1.963564516129  169.081612903226  449.525483870968  440.504516129032  248.760322580645   51.489096774194
198308    1.963712903226  169.101612903226  449.533548387097  440.517419354839  248.768709677419   51.490516129032
198309    1.953333333333  169.007333333333  449.503666666667  440.493000000000  248.777666666667   51.488066666667
198310    1.949122580645  168.943870967742  449.466451612903  440.467096774194  248.769354838710   51.486322580645
198311    1.940826666667  168.901000000000  449.560666666667  440.524333333333  248.791666666667   51.486700000000
198312    1.937874193548  168.865483870968  449.591612903226  440.537741935484  248.783548387097   51.485677419355
198401    1.940303225806  168.789677419355  449.454193548387  440.440000000000  248.727419354839   51.480129032258
198402    1.952151724138  168.870689655172  449.497931034483  440.476896551724  248.707586206896   51.482034482759
198403    1.954364516129  168.973548387097  449.695806451613  440.607741935484  248.743870967742   51.487580645161
198404    1.949596666667  168.845333333333  449.509666666667  440.479666666667  248.706333333333   51.481200000000
198405    1.944287096774  168.822258064516  449.510967741935  440.480645161290  248.717419354839   51.481322580645
198406    1.935426666667  168.809333333333  449.594000000000  440.539666666667  248.760333333333   51.483800000000
198407    1.927280645161  168.770645161290  449.601290322581  440.547096774194  248.779354838710   51.484064516129
198408    1.917177419355  168.672580645161  449.558064516129  440.517419354839  248.785483870968   51.481806451613
198409    1.910203333333  168.611333333333  449.558333333333  440.516000000000  248.791666666667   51.480800000000
198410    1.904132258065  168.543870967742  449.550322580645  440.507741935484  248.790967741935   51.479193548387
198411    1.901916666667  168.515666666667  449.540666666667  440.501666666667  248.783000000000   51.478366666667
198412    1.901306451613  168.528064516129  449.581290322581  440.529354838710  248.788387096774   51.479387096774
198501    1.899341935484  168.489677419355  449.553225806452  440.508387096774  248.784838709677   51.478000000000
198502    1.901078571429  168.515357142857  449.580000000000  440.527500000000  248.786785714286   51.478928571429
198503    1.901622580645  168.519677419355  449.588709677420  440.532580645161  248.785483870968   51.479032258065
198504    1.903253333333  168.512000000000  449.559666666667  440.512000000000  248.777333333333   51.478033333333
198505    1.906103225806  168.536129032258  449.557419354839  440.511935483871  248.773225806452   51.478451612903
198506    1.906366666667  168.559000000000  449.583666666667  440.531000000000  248.780666666667   51.479533333333
198507    1.907154838710  168.558709677419  449.552580645161  440.512580645162  248.776451612903   51.479225806452
198508    1.906025806452  168.568709677419  449.586451612903  440.534838709678  248.790322580645   51.480322580645
198509    1.903700000000  168.540666666667  449.573000000000  440.522333333334  248.794000000000   51.479533333333
198510    1.904380645161  168.528064516129  449.539677419355  440.502258064516  248.784516129032   51.478838709677
198511    1.903133333333  168.536000000000  449.558000000000  440.514666666667  248.788666666667   51.479300000000
198512    1.903851612903  168.553870967742  449.575483870968  440.526129032258  248.790000000000   51.479806451613
198601    1.903474193548  168.547419354839  449.574193548387  440.524193548387  248.790322580645   51.479645161290
198602    1.908792857143  168.563571428571  449.528571428571  440.499642857143  248.773571428571   51.479178571429
198603    1.907277419355  168.567741935484  449.564838709677  440.522258064516  248.784193548387   51.480096774194
198604    1.906100000000  168.552666666667  449.547333333333  440.508666666667  248.784333333333   51.479433333333
198605    1.904561290323  168.568064516129  449.579677419355  440.532580645161  248.791935483871   51.480483870968
198606    1.900353333333  168.526666666667  449.561666666667  440.517333333333  248.796000000000   51.479166666667
198607    1.901112903226  168.528709677419  449.558064516129  440.517419354839  248.789032258065   51.479258064516
198608    1.898967741935  168.503548387097  449.550000000000  440.508387096774  248.789032258065   51.478419354839
198609    1.900400000000  168.508000000000  449.565333333333  440.517333333333  248.790333333333   51.478833333333
198610    1.905800000000  168.540645161290  449.550322580645  440.512258064516  248.781612903226   51.479419354839
198611    1.905090000000  168.547666666667  449.576333333333  440.530000000000  248.789000000000   51.480033333333
198612    1.901316129032  168.511612903226  449.570967741935  440.522580645161  248.792258064516   51.479161290323
198701    1.899419354839  168.496451612903  449.567096774194  440.519354838710  248.790645161290   51.478516129032
198702    1.898035714286  168.482500000000  449.573571428571  440.521071428572  248.790000000000   51.478285714286
198703    1.899080645161  168.495161290323  449.575483870968  440.522903225807  248.788387096774   51.478258064516
198704    1.903780000000  168.507333333333  449.521000000000  440.488333333334  248.770666666667   51.477500000000
198705    1.906854838710  168.561290322581  449.556451612903  440.515806451613  248.777096774194   51.479193548387
198706    1.906756666667  168.590333333333  449.598333333333  440.543000000000  248.790000000000   51.480733333333
198707    1.909961290323  168.606774193548  449.576129032258  440.529032258064  248.784516129032   51.480741935484
198708    1.912648387097  168.600645161290  449.526774193548  440.496451612903  248.776129032258   51.479612903226
198709    1.912750000000  168.619000000000  449.556000000000  440.513666666667  248.786333333333   51.480633333333
198710    1.917600000000  168.652903225806  449.520645161290  440.495806451613  248.776774193548   51.480838709677
198711    1.921426666667  168.704666666667  449.539333333333  440.509333333333  248.781333333333   51.482266666667
198712    1.921093548387  168.712903225806  449.539354838710  440.506451612903  248.790322580645   51.482516129032
198801    1.929245161290  168.789354838710  449.537096774194  440.510967741936  248.780322580645   51.484096774194
198802    1.933827586207  168.836896551724  449.551034482759  440.518965517241  248.780689655172   51.484965517241
198803    1.938522580645  168.839032258065  449.479032258065  440.469354838710  248.759677419355   51.483290322581
198804    1.947683333333  168.928333333333  449.513000000000  440.494666666667  248.754000000000   51.485266666667
198805    1.952287096774  169.024838709677  449.648709677419  440.581935483871  248.774193548387   51.489096774194
198806    1.962130000000  169.015000000000  449.500333333333  440.481000000000  248.721333333333   51.485133333333
198807    1.965516129032  169.020645161290  449.435483870968  440.436451612903  248.699677419355   51.483483870968
198808    1.973541935484  169.132903225806  449.529677419355  440.503548387097  248.718709677419   51.487612903226
198809    1.983473333333  169.262333333333  449.628000000000  440.573333333333  248.739000000000   51.492600000000
198810    1.986503225806  169.235483870968  449.505161290322  440.487096774194  248.712258064516   51.489129032258
198811    1.986383333333  169.236000000000  449.520000000000  440.490333333333  248.719000000000   51.488866666667
198812    2.001980645161  169.346774193548  449.474516129032  440.468387096774  248.682903225806   51.489774193548
198901    2.013783870968  169.464838709677  449.481935483871  440.478709677419  248.666129032258   51.492096774194
198902    2.016900000000  169.547857142857  449.560714285714  440.533928571428  248.687142857143   51.495392857143
198903    2.012170967742  169.451290322581  449.440967741935  440.444193548387  248.682258064516   51.491225806452
198904    2.011300000000  169.486666666667  449.510000000000  440.490666666667  248.711333333333   51.493600000000
198905    2.023906451613  169.597741935484  449.571612903226  440.538064516129  248.715161290323   51.497483870968
198906    2.039726666667  169.589000000000  449.318666666667  440.379666666667  248.636000000000   51.492266666667
198907    2.031251612903  169.701612903226  449.699032258064  440.623548387097  248.732258064516   51.501419354839
198908    2.034961290323  169.585806451613  449.422903225806  440.437741935484  248.665483870968   51.493483870968
198909    2.033410000000  169.530333333333  449.315000000000  440.365666666667  248.652666666667   51.490533333333
198910    2.035064516129  169.700322580645  449.560967741936  440.538387096774  248.714193548387   51.499709677419
198911    2.040623333333  169.718333333333  449.458000000000  440.480000000000  248.693333333333   51.499033333333
198912    2.035032258065  169.683225806452  449.445483870968  440.470322580645  248.704516129032   51.498612903226
199001    2.028735483871  169.643870967742  449.455483870968  440.475806451613  248.717096774194   51.498322580645
199002    2.014796428571  169.529285714286  449.445000000000  440.460000000000  248.735714285714   51.495785714286
199003    2.012635483871  169.501935483871  449.420967741935  440.445483870968  248.732258064516   51.495193548387
199004    2.015346666667  169.568000000000  449.505333333333  440.509000000000  248.743000000000   51.498333333333
199005    2.010222580645  169.468387096774  449.421290322581  440.444838709677  248.724193548387   51.494096774194
199006    2.008306666667  169.494666666667  449.551666666667  440.528000000000  248.741666666667   51.496300000000
199007    2.009622580645  169.418387096774  449.451612903226  440.455161290323  248.702903225807   51.491903225806
199008    2.019170967742  169.409354838710  449.341935483871  440.387096774193  248.651290322581   51.489096774194
199009    2.014476666667  169.526000000000  449.666000000000  440.600666666667  248.716333333333   51.497100000000
199010    2.012712903226  169.456451612903  449.625483870968  440.567741935484  248.699032258064   51.494225806452
199011    2.000593333333  169.191000000000  449.389000000000  440.386333333333  248.656333333333   51.483166666667
199012    2.007545161290  169.351290322581  449.591290322581  440.528709677419  248.677741935484   51.489677419355
199101    2.018532258065  169.372903225806  449.435483870968  440.429032258065  248.630000000000   51.486903225806
199102    2.033953571429  169.543928571429  449.488214285714  440.475000000000  248.638214285714   51.492178571429
199103    2.039774193548  169.685483870968  449.555806451613  440.530967741936  248.664838709677   51.497354838710
199104    2.036743333333  169.750666666667  449.702333333333  440.626333333333  248.722333333333   51.502266666667
199105    2.029916129032  169.568387096774  449.451290322581  440.449677419355  248.689677419355   51.494000000000
199106    2.035680000000  169.587000000000  449.404000000000  440.422000000000  248.670666666667   51.493666666667
199107    2.043129032258  169.690000000000  449.487419354839  440.485806451613  248.677741935484   51.497516129032
199108    2.044396774194  169.688387096774  449.473548387097  440.479354838710  248.673548387097   51.497290322581
199109    2.036056666667  169.700000000000  449.641666666667  440.584333333333  248.718333333333   51.500433333333
199110    2.032703225806  169.512903225806  449.375806451613  440.399677419355  248.654838709677   51.491096774194
199111    2.024886666667  169.559666666667  449.626333333333  440.559000000000  248.712000000000   51.496100000000
199112    2.030812903226  169.441935483871  449.325806451613  440.359677419355  248.637741935484   51.487870967742
199201    2.043616129032  169.665483870968  449.523548387097  440.508709677419  248.671935483871   51.497193548387
199202    2.047268965517  169.682758620690  449.435517241379  440.463448275862  248.666551724138   51.497517241379
199203    2.027600000000  169.633548387097  449.576451612903  440.551290322581  248.738709677419   51.500258064516
199204    2.012093333333  169.487666666667  449.493333333333  440.495333333333  248.742666666667   51.496700000000
199205    1.989777419355  169.295483870968  449.494193548387  440.484838709677  248.765161290323   51.492903225806
199206    1.975803333333  169.178666666667  449.499333333333  440.483666666667  248.765000000000   51.490266666667
199207    1.973712903226  169.111935483871  449.449354838710  440.453870967742  248.737096774194   51.487645161290
199208    1.969767741935  169.051290322581  449.479032258064  440.467419354839  248.739677419355   51.486580645161
199209    1.966630000000  169.058333333333  449.567000000000  440.522333333333  248.753333333333   51.487966666667
199210    1.967596774194  169.023870967742  449.467419354839  440.457419354839  248.722580645161   51.485032258065
199211    1.973343333333  169.093666666667  449.503666666667  440.489666666667  248.723000000000   51.487600000000
199212    1.973270967742  169.148064516129  449.589032258065  440.547096774194  248.746129032258   51.490290322581
199301    1.965812903226  169.093548387097  449.594193548387  440.543225806452  248.761290322581   51.489290322581
199302    1.965171428571  168.991428571429  449.401428571429  440.416071428571  248.720000000000   51.483928571429
199303    1.967103225806  169.086129032258  449.534193548387  440.511612903226  248.744838709677   51.488677419355
199304    1.958760000000  169.032000000000  449.548666666667  440.519666666667  248.762000000000   51.488233333333
199305    1.950274193548  168.945483870968  449.509677419355  440.491935483871  248.764516129032   51.486258064516
199306    1.946143333333  168.918000000000  449.528333333333  440.505333333333  248.768666666667   51.486300000000
199307    1.936503225806  168.837096774194  449.543548387097  440.511290322581  248.773870967742   51.484612903226
199308    1.928738709677  168.760322580645  449.557096774194  440.515806451613  248.773870967742   51.482870967742
199309    1.920830000000  168.681000000000  449.576333333333  440.521000000000  248.775666666667   51.481066666667
199310    1.920493548387  168.640322580645  449.527419354839  440.489354838710  248.752258064516   51.479000000000
199311    1.919336666667  168.626666666667  449.550000000000  440.501333333333  248.754666666667   51.478800000000
199312    1.924722580645  168.696774193548  449.603548387097  440.541935483871  248.756774193548   51.481225806452
199401    1.925329032258  168.664193548387  449.503870967742  440.478709677419  248.738709677419   51.479129032258
199402    1.922971428571  168.707857142857  449.601785714286  440.546428571429  248.770357142857   51.482357142857
199403    1.918932258065  168.685806451613  449.607419354839  440.551935483871  248.783870967742   51.482516129032
199404    1.909626666667  168.589666666667  449.560333333333  440.513666666667  248.785666666667   51.479800000000
199405    1.908532258065  168.570322580645  449.548387096774  440.507741935484  248.780322580645   51.479129032258
199406    1.905723333333  168.551000000000  449.572666666667  440.521000000000  248.783333333333   51.478966666667
199407    1.906919354839  168.550322580645  449.578387096774  440.526774193548  248.776774193548   51.478870967742
199408    1.902993548387  168.519032258065  449.586451612903  440.526129032258  248.777741935484   51.478161290323
199409    1.903626666667  168.506000000000  449.555333333334  440.507333333333  248.767333333333   51.477100000000
199410    1.907790322581  168.551935483871  449.570967741936  440.521612903226  248.766774193548   51.478580645161
199411    1.905580000000  168.551000000000  449.601333333333  440.540000000000  248.782333333333   51.479233333333
199412    1.906954838710  168.546129032258  449.561290322581  440.514516129032  248.773548387097   51.478548387097
199501    1.905129032258  168.548064516129  449.591612903226  440.534193548387  248.782903225807   51.479290322581
199502    1.908435714286  168.568214285714  449.587857142857  440.535000000000  248.776071428571   51.479642857143
199503    1.906261290323  168.536774193548  449.568709677419  440.520322580645  248.773870967742   51.478645161290
199504    1.901546666667  168.501333333333  449.573000000000  440.518333333333  248.778666666667   51.477833333333
199505    1.900096774194  168.487741935484  449.571612903226  440.518064516129  248.780000000000   51.477419354839
199506    1.900163333333  168.496333333333  449.588333333333  440.531000000000  248.783333333333   51.478200000000
199507    1.900054838710  168.489354838710  449.579032258065  440.524516129032  248.781290322581   51.477838709677
199508    1.898941935484  168.492903225806  449.600645161290  440.540967741936  248.786129032258   51.478387096774
199509    1.896610000000  168.464333333333  449.592333333333  440.532000000000  248.785666666667   51.477633333333
199510    1.897312903226  168.457741935484  449.575483870968  440.523548387097  248.775483870968   51.477064516129
199511    1.893970000000  168.435666666667  449.595000000000  440.533000000000  248.782000000000   51.476833333333
199512    1.890767741935  168.404193548387  449.594838709678  440.530645161290  248.781290322581   51.476193548387
199601    1.889680645161  168.395483870968  449.603548387097  440.538387096774  248.779677419355   51.476193548387
199602    1.885755172414  168.362068965517  449.603103448276  440.535517241379  248.781379310345   51.475172413793
199603    1.884451612903  168.340967741935  449.589354838710  440.525806451613  248.779032258065   51.474419354839
199604    1.884086666667  168.342333333333  449.603666666667  440.534333333334  248.781333333333   51.474800000000
199605    1.886980645161  168.367741935484  449.610322580645  440.540000000000  248.779354838710   51.475451612903
199606    1.887780000000  168.379000000000  449.610333333333  440.541666666667  248.779666666667   51.475733333333
199607    1.889019354839  168.383870967742  449.598064516129  440.534193548387  248.774193548387   51.475451612903
199608    1.890125806452  168.396129032258  449.604193548387  440.537419354839  248.776774193548   51.476000000000
199609    1.888996666667  168.394666666667  449.620000000000  440.547666666666  248.781333333333   51.476233333333
199610    1.887016129032  168.372580645161  449.605483870968  440.535806451613  248.780645161290   51.475387096774
199611    1.890000000000  168.370666666667  449.554000000000  440.504666666667  248.767333333333   51.474500000000
199612    1.892606451613  168.428709677419  449.620967741935  440.551290322581  248.780645161290   51.477161290323
199701    1.889983870968  168.402903225806  449.604838709677  440.538387096774  248.785806451613   51.476258064516
199702    1.889685714286  168.398928571429  449.595714285714  440.531785714286  248.787500000000   51.476285714286
199703    1.890377419355  168.409677419355  449.596451612903  440.534193548387  248.787096774194   51.476548387097
199704    1.890400000000  168.400333333333  449.581000000000  440.523333333333  248.785333333333   51.476000000000
199705    1.893396774194  168.435161290323  449.594193548387  440.533548387097  248.783870967742   51.477193548387
199706    1.893266666667  168.434333333333  449.587000000000  440.529000000000  248.785666666667   51.476966666667
199707    1.893874193548  168.444838709677  449.587096774194  440.526451612903  248.788387096774   51.477000000000
199708    1.899503225806  168.495483870968  449.588709677420  440.530322580645  248.782903225807   51.478000000000
199709    1.907770000000  168.543000000000  449.534666666667  440.499666666667  248.760666666667   51.478033333333
199710    1.907151612903  168.583870967742  449.614193548387  440.550967741936  248.787096774194   51.480193548387
199711    1.913146666667  168.603000000000  449.551666666667  440.511666666667  248.767333333333   51.479566666667
199712    1.914141935484  168.621935483871  449.557741935484  440.517096774194  248.770322580645   51.480129032258
199801    1.914074193548  168.641935483871  449.596774193548  440.540967741936  248.781612903226   51.481225806452
199802    1.912757142857  168.609642857143  449.553928571429  440.508214285714  248.777500000000   51.479392857143
199803    1.919370967742  168.651935483871  449.511612903226  440.483225806452  248.758064516129   51.479225806452
199804    1.928066666667  168.765000000000  449.585000000000  440.539333333333  248.768000000000   51.483266666667
199805    1.929661290323  168.758709677419  449.527096774194  440.494838709677  248.760967741936   51.481838709677
199806    1.936046666667  168.826666666667  449.543666666667  440.509333333333  248.763333333333   51.483500000000
199807    1.947680645161  168.947419354839  449.582903225806  440.542903225806  248.760322580645   51.486645161290
199808    1.952490322581  168.937419354839  449.471612903226  440.466774193548  248.733548387097   51.484193548387
199809    1.956876666667  168.991333333333  449.485000000000  440.479333333333  248.740000000000   51.485800000000
199810    1.952377419355  169.009354838710  449.561290322581  440.528064516129  248.777741935484   51.488096774194
199811    1.958243333333  169.027666666667  449.466666666667  440.466333333333  248.757000000000   51.486900000000
199812    1.965087096774  169.113548387097  449.489354838710  440.492580645161  248.756774193548   51.489774193548
199901    1.964390322581  169.140322580645  449.558064516129  440.540000000000  248.779032258065   51.492096774194
199902    1.955092857143  169.007500000000  449.437857142857  440.448571428571  248.763214285714   51.486535714286
199903    1.952729032258  169.008709677419  449.496129032258  440.484838709677  248.775806451613   51.487387096774
199904    1.948130000000  168.950666666667  449.482333333333  440.467666666666  248.777000000000   51.485400000000
199905    1.966400000000  169.103870967742  449.510967741935  440.496451612903  248.747741935484   51.488516129032
199906    1.977396666667  169.169000000000  449.479666666667  440.485000000000  248.725333333333   51.489466666667
199907    1.977922580645  169.181935483871  449.490645161290  440.485161290323  248.729032258065   51.489419354839
199908    1.979612903226  169.212258064516  449.526129032258  440.509032258065  248.734193548387   51.490806451613
199909    1.970380000000  169.163666666667  449.601000000000  440.545666666667  248.765333333333   51.490566666667
199910    1.976838709677  169.130645161290  449.444516129032  440.445483870968  248.715161290323   51.486806451613
199911    1.986040000000  169.189333333333  449.421333333333  440.436666666667  248.696000000000   51.487500000000
199912    1.987587096774  169.247741935484  449.495483870968  440.480322580645  248.715483870968   51.489741935484
200001    1.989206451613  169.324193548387  449.614838709678  440.561935483871  248.748709677419   51.493709677419
200002    1.993586206897  169.329310344828  449.553448275862  440.520689655172  248.725517241379   51.492206896552
200003    2.003038709677  169.329032258065  449.423548387097  440.439677419355  248.675806451613   51.489451612903
200004    2.005073333333  169.395666666667  449.561666666667  440.529000000000  248.696000000000   51.492733333333
200005    1.994903225806  169.280322580645  449.491935483871  440.469354838710  248.692258064516   51.488516129032
200006    1.997473333333  169.312000000000  449.493333333333  440.470333333333  248.695666666667   51.489200000000
200007    2.009200000000  169.412580645161  449.466774193548  440.473870967742  248.687419354839   51.492677419355
200008    2.002929032258  169.446451612903  449.586774193548  440.550645161290  248.743548387097   51.496096774194
200009    1.996903333333  169.313666666667  449.358000000000  440.397000000000  248.717000000000   51.490300000000
200010    2.000519354839  169.459354838710  449.555483870968  440.533870967742  248.765483870968   51.497419354839
200011    2.003850000000  169.433333333333  449.421333333333  440.452333333333  248.740333333333   51.495166666667
200012    2.000364516129  169.427096774194  449.459677419355  440.478064516129  248.755483870968   51.495935483871
200101    1.993335483871  169.368709677419  449.478709677419  440.488387096774  248.763548387097   51.495096774194
200102    1.987014285714  169.327857142857  449.558214285714  440.532500000000  248.772500000000   51.494750000000
200103    1.984374193548  169.207419354839  449.408387096774  440.426451612903  248.718064516129   51.488096774194
200104    1.985416666667  169.192333333333  449.407000000000  440.420666666667  248.699333333333   51.486733333333
200105    1.982967741935  169.239354838710  449.563548387097  440.526774193548  248.736129032258   51.490774193548
200106    1.990640000000  169.266666666667  449.492000000000  440.486333333333  248.710666666667   51.490200000000
200107    1.979809677419  169.236774193548  449.603548387097  440.546774193548  248.754193548387   51.491225806452
200108    1.985396774194  169.224193548387  449.495483870968  440.470322580645  248.720322580645   51.488096774194
200109    2.010156666667  169.373000000000  449.399666666667  440.420000000000  248.657666666667   51.488900000000
200110    2.019941935484  169.522903225806  449.537419354839  440.516129032258  248.688387096774   51.494741935484
200111    2.019103333333  169.496000000000  449.430666666667  440.436666666667  248.686000000000   51.492266666667
200112    2.035829032258  169.676774193548  449.463225806452  440.478387096774  248.697096774194   51.498161290323
200201    2.044390322581  169.810000000000  449.540645161290  440.541290322581  248.720967741935   51.503354838710
200202    2.032828571429  169.705714285714  449.508214285714  440.511071428571  248.734642857143   51.500928571429
200203    2.018561290323  169.576451612903  449.510967741936  440.501612903226  248.739032258064   51.497580645161
200204    2.012276666667  169.436666666667  449.401000000000  440.427333333333  248.697333333333   51.491933333333
200205    2.005448387097  169.388709677419  449.497096774194  440.485161290323  248.697741935484   51.491806451613
200206    1.992363333333  169.293333333333  449.596333333333  440.539666666667  248.715333333333   51.490533333333
200207    1.983570967742  169.121290322581  449.439354838710  440.426774193548  248.673548387097   51.483387096774
200208    1.989264516129  169.203870967742  449.539354838710  440.497741935484  248.676129032258   51.486677419355
200209    1.990263333333  169.228333333333  449.563666666667  440.520333333333  248.688333333333   51.488433333333
200210    1.987164516129  169.214516129032  449.530967741936  440.499677419355  248.701290322581   51.488225806452
200211    1.983663333333  169.193000000000  449.473000000000  440.463666666667  248.708333333333   51.487966666667
200212    1.984535483871  169.274516129032  449.588387096774  440.554193548387  248.750322580645   51.493516129032
200301    1.973390322581  169.170000000000  449.543870967742  440.521290322581  248.757096774194   51.490838709677
200302    1.958696428571  169.055714285714  449.582142857143  440.537142857143  248.776071428571   51.488928571429
200303    1.955909677419  168.957419354839  449.479032258065  440.466774193548  248.734516129032   51.484193548387
200304    1.951196666667  168.911000000000  449.527000000000  440.495333333333  248.734000000000   51.483633333333
200305    1.943990322581  168.858387096774  449.568064516129  440.514838709677  248.742903225807   51.482935483871
200306    1.945096666667  168.842000000000  449.520333333333  440.483000000000  248.728000000000   51.481433333333
200307    1.952167741935  168.918064516129  449.568709677419  440.524516129032  248.730322580645   51.484483870968
200308    1.950322580645  168.920967741936  449.620645161290  440.558064516129  248.739354838710   51.485354838710
200309    1.945016666667  168.894333333333  449.702333333333  440.605333333333  248.752000000000   51.485566666667
200310    1.941548387097  168.675483870968  449.341935483871  440.353548387097  248.654838709677   51.472870967742
200311    1.946200000000  168.841666666667  449.635000000000  440.554666666667  248.708333333333   51.481633333333
200312    1.939945161290  168.829032258065  449.690000000000  440.593870967742  248.742903225806   51.483580645161
200401    1.934964516129  168.761612903226  449.589354838710  440.528387096774  248.740967741935   51.481225806452
200402    1.932593103448  168.756206896552  449.580689655172  440.525517241379  248.750000000000   51.481758620690
200403    1.930677419355  168.744838709677  449.577096774194  440.525161290323  248.752258064516   51.481870967742
200404    1.927220000000  168.727000000000  449.617333333333  440.550333333333  248.761000000000   51.482133333333
200405    1.921858064516  168.654193548387  449.589354838710  440.525161290323  248.751935483871   51.479516129032
200406    1.920906666667  168.644000000000  449.619666666667  440.543000000000  248.747000000000   51.479200000000
200407    1.923467741935  168.612580645161  449.541290322581  440.491612903226  248.717096774194   51.476838709677
200408    1.923222580645  168.622580645161  449.570322580645  440.510645161290  248.723225806452   51.477451612903
200409    1.922823333333  168.673333333333  449.664333333333  440.574000000000  248.750000000000   51.480533333333
200410    1.922300000000  168.661612903226  449.633548387097  440.556451612903  248.750645161290   51.480129032258
200411    1.922780000000  168.643666666667  449.582333333333  440.524333333333  248.738666666667   51.479100000000
200412    1.919048387097  168.654516129032  449.672580645161  440.580967741935  248.762258064516   51.480612903226
200501    1.915064516129  168.543548387097  449.514193548387  440.470322580645  248.725806451613   51.475129032258
200502    1.914757142857  168.592500000000  449.632500000000  440.556071428571  248.750000000000   51.478571428571
200503    1.908470967742  168.537096774194  449.634516129032  440.551935483871  248.756451612903   51.477483870968
200504    1.906246666667  168.511000000000  449.636333333333  440.549333333333  248.756000000000   51.476833333333
200505    1.911103225806  168.530322580645  449.609677419355  440.535806451613  248.738387096774   51.476516129032
200506    1.908333333333  168.505000000000  449.606666666667  440.533000000000  248.740333333333   51.476000000000
200507    1.909838709677  168.523870967742  449.615483870968  440.541290322581  248.742258064516   51.477000000000
200508    1.909241935484  168.541290322581  449.650645161290  440.567096774194  248.753548387097   51.478161290323
200509    1.903236666667  168.467666666667  449.582000000000  440.519000000000  248.747666666667   51.475366666667
200510    1.896345161290  168.442903225806  449.646129032258  440.557096774194  248.772580645161   51.476290322581
200511    1.896476666667  168.420000000000  449.590666666667  440.521000000000  248.758666666667   51.474866666667
200512    1.901029032258  168.461612903226  449.600645161290  440.537096774194  248.757096774194   51.476419354839
200601    1.897332258065  168.456451612903  449.640322580645  440.559354838710  248.772258064516   51.476967741935
200602    1.892089285714  168.410000000000  449.627500000000  440.546071428571  248.780000000000   51.475928571429
200603    1.890241935484  168.385161290323  449.606129032258  440.530645161290  248.776774193548   51.475000000000
200604    1.897653333333  168.428333333333  449.582333333333  440.523000000000  248.759000000000   51.475666666667
200605    1.897474193548  168.452903225806  449.643548387097  440.562903225806  248.771935483871   51.477161290323
200606    1.893440000000  168.411000000000  449.628333333333  440.549333333333  248.769666666667   51.475766666667
200607    1.892048387097  168.388064516129  449.623225806452  440.545161290322  248.766129032258   51.475129032258
200608    1.889209677419  168.347096774194  449.595806451613  440.523548387097  248.756129032258   51.473290322581
200609    1.887490000000  168.354666666667  449.656333333333  440.563666666667  248.767333333334   51.474500000000
200610    1.884893548387  168.330000000000  449.670000000000  440.569032258065  248.769032258065   51.474032258064
200611    1.888713333333  168.324333333333  449.607000000000  440.529333333333  248.744000000000   51.472400000000
200612    1.888138709677  168.333548387097  449.640967741936  440.552258064516  248.752903225807   51.473354838710
200701    1.888390322581  168.338064516129  449.639354838710  440.554516129032  248.754516129032   51.473677419355
200702    1.885100000000  168.318928571429  449.643928571429  440.554642857143  248.761785714286   51.473535714286
200703    1.881741935484  168.301935483871  449.654516129032  440.561290322581  248.770645161290   51.473709677419
200704    1.880576666667  168.284333333333  449.634000000000  440.546333333333  248.767333333333   51.472800000000
200705    1.881893548387  168.289354838710  449.623225806452  440.541935483871  248.764838709677   51.472935483871
200706    1.884076666667  168.321000000000  449.649000000000  440.562666666667  248.767000000000   51.474200000000
200707    1.882090322581  168.295161290323  449.630645161290  440.549032258065  248.766129032258   51.473322580645
200708    1.879280645161  168.281612903226  449.648709677419  440.559032258064  248.772580645161   51.473387096774
200709    1.875376666667  168.242333333333  449.634333333333  440.547000000000  248.772666666667   51.472300000000
200710    1.874451612903  168.232580645161  449.634516129032  440.547096774194  248.773870967742   51.472193548387
200711    1.874163333333  168.230666666667  449.630333333333  440.545666666667  248.775333333333   51.472033333333
200712    1.877493548387  168.259354838710  449.636451612903  440.550967741936  248.772903225806   51.473000000000
200801    1.878490322581  168.277096774193  449.653548387097  440.564193548387  248.775161290323   51.473516129032
200802    1.876886206897  168.257586206897  449.643793103448  440.556206896552  248.774482758621   51.472931034483
200803    1.876954838710  168.245161290323  449.621612903226  440.540000000000  248.766451612903   51.472258064516
200804    1.876576666667  168.254666666667  449.649666666667  440.559000000000  248.771666666667   51.472866666667
200805    1.875380645161  168.243548387097  449.649677419355  440.559677419355  248.774193548387   51.472741935484
200806    1.873376666667  168.223666666667  449.645333333333  440.556000000000  248.771666666667   51.472066666667
200807    1.871809677419  168.207419354839  449.643225806451  440.552903225806  248.770645161290   51.471806451613
200808    1.871096774194  168.200000000000  449.645483870967  440.554193548387  248.770322580645   51.471548387097
200809    1.870146666667  168.191000000000  449.643000000000  440.551333333333  248.770333333333   51.471200000000
200810    1.871012903226  168.200322580645  449.645806451613  440.553870967742  248.770322580645   51.471645161290
200811    1.872136666667  168.212333333333  449.649666666666  440.558333333333  248.770000000000   51.471900000000
200812    1.871725806452  168.209354838710  449.647741935484  440.556451612903  248.770967741936   51.471967741935
200901    1.872412903226  168.216451612903  449.650000000000  440.558709677419  248.775806451613   51.472290322581
200902    1.871967857143  168.212857142857  449.644642857143  440.555714285714  248.771428571429   51.471928571429
200903    1.871787096774  168.209032258065  449.640645161290  440.550645161290  248.770967741936   51.471774193548
200904    1.871780000000  168.208000000000  449.636666666666  440.549666666667  248.773000000000   51.471733333333
200905    1.874406451613  168.238064516129  449.654516129032  440.562903225806  248.772258064516   51.472580645161
200906    1.874126666667  168.233333333333  449.649666666666  440.558333333333  248.771000000000   51.472133333333
200907    1.873054838710  168.220645161290  449.639032258064  440.550967741935  248.770000000000   51.471774193548
200908    1.871754838710  168.208064516129  449.639032258064  440.549677419355  248.770322580645   51.471612903226
200909    1.873136666667  168.221666666667  449.640000000000  440.550666666666  248.771333333333   51.472033333333
200910    1.874083870968  168.229354838710  449.630967741936  440.547096774194  248.774838709678   51.472096774194
200911    1.877210000000  168.265333333333  449.639666666667  440.553666666667  248.778000000000   51.473066666667
200912    1.879519354839  168.282903225807  449.616774193548  440.539032258064  248.774838709677   51.473225806452
201001    1.884103225806  168.330645161290  449.621612903226  440.544516129032  248.774516129032   51.474548387097
201002    1.888832142857  168.384285714286  449.641428571429  440.562500000000  248.776071428571   51.476214285714
201003    1.888877419355  168.371612903226  449.605806451613  440.538709677419  248.770967741935   51.475322580645
201004    1.887203333333  168.367000000000  449.625333333333  440.547666666666  248.778333333333   51.475200000000
201005    1.885190322581  168.343870967742  449.614193548387  440.538387096774  248.778064516129   51.474645161290
201006    1.884430000000  168.334333333333  449.604666666667  440.530666666667  248.776333333333   51.474100000000
201007    1.890161290323  168.387096774194  449.622903225807  440.547419354839  248.773548387097   51.475612903226
201008    1.891977419355  168.397096774194  449.611290322580  440.540967741935  248.768709677419   51.475483870968
201009    1.894856666667  168.424666666667  449.620000000000  440.547666666667  248.764666666667   51.476066666667
201010    1.892264516129  168.392903225806  449.602580645161  440.532258064516  248.763548387097   51.474774193548
201011    1.892436666667  168.406000000000  449.634000000000  440.553666666667  248.770333333333   51.475733333333
201012    1.892374193548  168.397741935484  449.612258064516  440.536774193548  248.765483870968   51.474838709677
201101    1.892512903226  168.403225806452  449.613225806452  440.533548387097  248.769032258065   51.474806451613
201102    1.897978571429  168.444285714286  449.587142857143  440.519642857143  248.761785714286   51.475500000000
201103    1.910712903226  168.547741935484  449.558387096774  440.510645161290  248.746774193548   51.477290322581
201104    1.920606666667  168.673333333333  449.627000000000  440.565000000000  248.759333333333   51.481733333333
201105    1.914483870968  168.627419354839  449.616774193549  440.549032258065  248.771290322581   51.480387096774
201106    1.916310000000  168.631000000000  449.605666666667  440.542666666667  248.766666666667   51.480300000000
201107    1.914880645161  168.604193548387  449.590645161290  440.523870967742  248.760322580645   51.478548387097
201108    1.919648387097  168.621935483871  449.563870967742  440.504838709677  248.744838709677   51.477967741935
201109    1.934796666667  168.739333333333  449.549666666667  440.502333333333  248.722333333333   51.479666666667
201110    1.945248387097  168.844193548387  449.568709677419  440.520322580645  248.720967741935   51.482322580645
201111    1.955570000000  168.953333333333  449.587666666667  440.541333333333  248.720333333333   51.485333333333
201112    1.950983870968  168.935806451613  449.602580645161  440.551612903226  248.739677419355   51.485774193548
201201    1.941345161290  168.850000000000  449.570322580645  440.524193548387  248.746774193548   51.483612903226
201202    1.927848275862  168.743103448276  449.586551724138  440.527241379310  248.766551724138   51.481724137931
201203    1.926461290323  168.701935483871  449.548064516129  440.500322580645  248.750645161290   51.479903225806
201204    1.928230000000  168.727000000000  449.600333333333  440.536000000000  248.751666666667   51.481200000000
201205    1.933032258065  168.735161290323  449.559677419355  440.510645161290  248.730967741935   51.480193548387
201206    1.933693333333  168.760000000000  449.604000000000  440.540000000000  248.739333333333   51.481433333333
201207    1.934464516129  168.724516129032  449.493870967742  440.463870967742  248.715806451613   51.478419354839
201208    1.935138709677  168.799354838710  449.606451612903  440.545161290323  248.752258064516   51.482903225806
201209    1.938933333333  168.847000000000  449.618000000000  440.559333333333  248.757000000000   51.484800000000
201210    1.935477419355  168.791612903226  449.546451612903  440.509032258064  248.749032258064   51.482451612903
201211    1.933186666667  168.777666666667  449.558333333333  440.516000000000  248.755666666667   51.482266666667
201212    1.927670967742  168.734838709677  449.574193548387  440.520645161290  248.764838709677   51.481548387097
201301    1.934506451613  168.766129032258  449.527096774193  440.497096774194  248.740322580645   51.481322580645
201302    1.925167857143  168.713928571429  449.577142857143  440.518928571429  248.764642857143   51.480928571429
201303    1.928983870968  168.747419354839  449.586129032258  440.528064516129  248.761290322581   51.481870967742
201304    1.935686666667  168.776000000000  449.533333333333  440.497666666667  248.740666666667   51.481400000000
201305    1.948500000000  168.904193548387  449.587741935484  440.544516129032  248.736451612903   51.485161290323
201306    1.945200000000  168.950000000000  449.740000000000  440.640000000000  248.780000000000   51.489000000000
201307    1.945200000000  168.950000000000  449.740000000000  440.640000000000  248.780000000000   51.489000000000
201308    1.945200000000  168.950000000000  449.740000000000  440.640000000000  248.780000000000   51.489000000000
201309    1.945200000000  168.950000000000  449.740000000000  440.640000000000  248.780000000000   51.489000000000
201310    1.945200000000  168.950000000000  449.740000000000  440.640000000000  248.780000000000   51.489000000000
201311    1.945200000000  168.950000000000  449.740000000000  440.640000000000  248.780000000000   51.489000000000
201312    1.945200000000  168.950000000000  449.740000000000  440.640000000000  248.780000000000   51.489000000000
