197501    1.875241935484  168.283870967742  449.751612903226  440.660000000000  248.764193548387   51.476129032258
197502    1.871760714286  168.252500000000  449.755000000000  440.660357142857  248.766428571429   51.475607142857
197503    1.869674193548  168.233225806452  449.757419354839  440.662580645161  248.768387096774   51.475161290323
197504    1.869000000000  168.229333333333  449.770666666667  440.670666666667  248.769666666667   51.475300000000
197505    1.868245161290  168.212903225806  449.754193548387  440.657419354839  248.765483870968   51.474387096774
197506    1.870816666667  168.238333333333  449.763333333333  440.662333333333  248.764333333333   51.474866666667
197507    1.879203225806  168.310645161290  449.767741935484  440.672580645161  248.753870967742   51.476580645161
197508    1.885712903226  168.345483870968  449.720000000000  440.645806451613  248.738387096774   51.476709677419
197509    1.880280000000  168.343666666667  449.793000000000  440.689333333333  248.767333333334   51.477866666667
197510    1.876041935484  168.295161290323  449.756129032258  440.662903225806  248.764838709678   51.476354838710
197511    1.876293333333  168.288000000000  449.746000000000  440.659333333333  248.760000000000   51.476300000000
197512    1.871829032258  168.257096774194  449.767741935484  440.669032258065  248.768387096774   51.476000000000
197601    1.870264516129  168.232580645161  449.754193548387  440.659677419355  248.765161290323   51.474935483871
197602    1.868841379310  168.226206896552  449.777931034483  440.675172413793  248.768620689655   51.475172413793
197603    1.872038709677  168.231935483871  449.748064516129  440.657741935484  248.752903225806   51.474580645161
197604    1.872970000000  168.243000000000  449.752666666667  440.661000000000  248.751333333333   51.474733333333
197605    1.870309677419  168.237419354839  449.781935483871  440.677096774194  248.764838709678   51.475258064516
197606    1.869520000000  168.227333333333  449.770333333333  440.669333333333  248.764333333333   51.474966666667
197607    1.869048387097  168.230645161290  449.778387096774  440.676451612903  248.769677419355   51.475516129032
197608    1.872445161290  168.246129032258  449.751612903226  440.660645161290  248.757419354839   51.475322580645
197609    1.871233333333  168.242666666667  449.763333333333  440.667000000000  248.762666666667   51.475400000000
197610    1.871032258065  168.238709677419  449.758064516129  440.664838709677  248.762580645161   51.475290322581
197611    1.869533333333  168.233000000000  449.764666666667  440.666000000000  248.766666666667   51.474966666667
197612    1.871064516129  168.239354838710  449.745806451613  440.655806451613  248.762258064516   51.475161290323
197701    1.872306451613  168.259032258065  449.750322580645  440.659354838710  248.765161290323   51.475838709677
197702    1.875467857143  168.286428571429  449.735714285714  440.653928571429  248.763928571429   51.476321428571
197703    1.874925806452  168.299677419355  449.745161290323  440.658064516129  248.776129032258   51.476806451613
197704    1.879326666667  168.339666666667  449.732333333333  440.653333333333  248.773000000000   51.477766666667
197705    1.883819354839  168.392258064516  449.742903225806  440.662903225806  248.775483870968   51.479096774194
197706    1.890843333333  168.422333333333  449.675000000000  440.620333333333  248.755000000000   51.478566666667
197707    1.892741935484  168.484516129032  449.752580645161  440.671935483871  248.772580645161   51.481096774194
197708    1.895977419355  168.513225806452  449.751935483871  440.673225806452  248.770322580645   51.481612903226
197709    1.895726666667  168.459000000000  449.641333333333  440.595333333333  248.752666666667   51.478466666667
197710    1.895980645161  168.473225806452  449.628064516129  440.582580645161  248.760322580645   51.478419354839
197711    1.910886666667  168.685000000000  449.748000000000  440.677333333333  248.776333333333   51.485300000000
197712    1.919329032258  168.748709677419  449.700645161290  440.648387096774  248.769032258065   51.485709677419
197801    1.925122580645  168.805161290323  449.713870967742  440.654838709677  248.768387096774   51.486870967742
197802    1.943067857143  168.891785714286  449.613214285714  440.600357142857  248.717500000000   51.486678571429
197803    1.937906451613  168.862258064516  449.659677419355  440.619354838710  248.736129032258   51.486451612903
197804    1.935536666667  168.830333333333  449.626333333333  440.592666666667  248.735666666667   51.484966666667
197805    1.939170967742  168.874516129032  449.628709677419  440.600645161290  248.741290322581   51.486612903226
197806    1.944796666667  168.959333333333  449.675000000000  440.639333333333  248.753666666667   51.489666666667
197807    1.944087096774  168.971935483871  449.693548387097  440.649354838710  248.761612903226   51.490258064516
197808    1.937277419355  168.925161290323  449.728387096774  440.661612903226  248.775161290323   51.489290322581
197809    1.948433333333  168.910000000000  449.570333333333  440.560333333333  248.706333333333   51.485266666667
197810    1.950148387097  168.956451612903  449.705161290323  440.644838709677  248.722580645161   51.487677419355
197811    1.949440000000  168.939000000000  449.718333333333  440.642000000000  248.719333333333   51.486433333333
197812    1.961025806452  168.953870967742  449.556129032258  440.536451612903  248.672580645161   51.483290322581
197901    1.986451612903  169.192258064516  449.605483870968  440.587419354839  248.668387096774   51.490000000000
197902    1.992585714286  169.319285714286  449.682500000000  440.645000000000  248.697857142857   51.494857142857
197903    1.994477419355  169.416774193548  449.777096774194  440.715161290322  248.727741935484   51.499322580645
197904    1.978863333333  169.239666666667  449.646000000000  440.614000000000  248.718000000000   51.492733333333
197905    1.973019354839  169.206129032258  449.690000000000  440.640967741935  248.724516129032   51.492483870968
197906    1.973326666667  169.106000000000  449.547333333333  440.542333333333  248.680333333333   51.487333333333
197907    1.972196774194  169.131612903226  449.677741935484  440.624193548387  248.705806451613   51.489967741935
197908    1.975996774194  169.154193548387  449.705483870968  440.640322580645  248.698709677419   51.490096774194
197909    1.986300000000  169.209666666667  449.685666666667  440.630000000000  248.671333333333   51.490366666667
197910    1.990190322581  169.240967741935  449.675483870968  440.623870967742  248.657419354839   51.490161290323
197911    1.993620000000  169.242333333333  449.606000000000  440.582000000000  248.638666666667   51.489000000000
197912    1.985193548387  169.251612903226  449.769032258065  440.683870967742  248.697419354839   51.492870967742
198001    1.984264516129  169.197741935484  449.709354838710  440.646774193548  248.690967741935   51.491483870968
198002    1.977031034483  169.103448275862  449.626896551724  440.588965517241  248.679655172414   51.488000000000
198003    1.969829032258  169.145483870968  449.823225806452  440.715806451613  248.724516129032   51.492096774194
198004    1.972106666667  169.051666666667  449.593333333333  440.562666666667  248.660333333333   51.485466666667
198005    1.981264516129  169.127741935484  449.591290322581  440.572903225806  248.645483870968   51.487387096774
198006    1.974726666667  169.154666666667  449.741666666667  440.667333333333  248.697666666667   51.490666666667
198007    1.973783870968  169.149354838710  449.722580645161  440.656129032258  248.701612903226   51.490903225806
198008    1.967358064516  169.095161290323  449.731290322581  440.653548387097  248.716774193548   51.489838709677
198009    1.970783333333  169.096000000000  449.683000000000  440.625000000000  248.692666666667   51.488733333333
198010    1.973829032258  169.139032258065  449.695806451613  440.635483870968  248.679677419355   51.489290322581
198011    1.973353333333  169.084000000000  449.600333333333  440.569333333333  248.658666666667   51.486000000000
198012    1.982787096774  169.211290322581  449.665483870968  440.624838709677  248.661612903226   51.490354838710
198101    1.967409677419  169.165806451613  449.820645161290  440.713225806452  248.727741935484   51.492419354839
198102    1.972385714286  169.076071428571  449.571785714286  440.550357142857  248.673214285714   51.486035714286
198103    1.978022580645  169.185806451613  449.681612903226  440.629032258065  248.690645161290   51.490741935484
198104    1.984380000000  169.265333333333  449.714666666667  440.664000000000  248.683000000000   51.493233333333
198105    1.973132258065  169.167419354839  449.724193548387  440.659354838710  248.691612903226   51.490774193548
198106    1.959016666667  169.045333333333  449.791666666667  440.682333333333  248.714333333333   51.488266666667
198107    1.968680645161  168.955806451613  449.569032258065  440.530967741936  248.636774193548   51.481064516129
198108    1.984554838710  169.141935483871  449.717741935484  440.639354838710  248.636774193548   51.487419354839
198109    1.994430000000  169.278000000000  449.805000000000  440.706666666667  248.646666666667   51.491900000000
198110    1.991196774194  169.211935483871  449.689677419355  440.625483870968  248.635161290323   51.488548387097
198111    1.983680000000  169.191666666667  449.765000000000  440.672000000000  248.670333333333   51.490200000000
198112    1.982170967742  169.161290322581  449.750322580645  440.664838709677  248.665161290323   51.489483870968
198201    1.969854838710  169.103225806452  449.874838709677  440.738064516129  248.694193548387   51.490064516129
198202    1.971217857143  168.957142857143  449.615000000000  440.566785714286  248.613928571429   51.481500000000
198203    1.967535483871  168.943548387097  449.658387096774  440.595806451613  248.612903225806   51.481774193548
198204    1.951540000000  168.880000000000  449.802333333333  440.679666666667  248.668333333333   51.483233333333
198205    1.948367741935  168.899677419355  449.884838709677  440.736774193548  248.696451612903   51.485741935484
198206    1.949560000000  168.801666666667  449.636333333333  440.574333333333  248.645000000000   51.479533333333
198207    1.951367741935  168.890000000000  449.750967741935  440.654193548387  248.680000000000   51.484354838710
198208    1.959458064516  168.960000000000  449.708387096774  440.635161290323  248.676451612903   51.485612903226
198209    1.965410000000  169.045000000000  449.752666666667  440.670000000000  248.696000000000   51.489100000000
198210    1.966980645161  169.083548387097  449.766451612903  440.682903225806  248.707741935484   51.490677419355
198211    1.961893333333  169.012000000000  449.691333333333  440.630333333333  248.702333333333   51.487933333333
198212    1.969335483871  169.063548387097  449.653225806452  440.620645161290  248.676774193548   51.488741935484
198301    1.947200000000  168.917096774194  449.730645161290  440.655483870968  248.723870967742   51.487161290323
198302    1.933917857143  168.787500000000  449.707857142857  440.633214285714  248.734285714286   51.484285714286
198303    1.928680645161  168.738709677419  449.706774193548  440.633870967742  248.733870967742   51.483354838710
198304    1.929553333333  168.756000000000  449.743000000000  440.658333333333  248.734666666667   51.484300000000
198305    1.932712903226  168.759354838710  449.683548387097  440.621935483871  248.712580645161   51.483096774194
198306    1.936423333333  168.776333333333  449.645333333333  440.602333333333  248.703333333333   51.483233333333
198307    1.932077419355  168.794193548387  449.724193548387  440.652580645161  248.735161290323   51.485258064516
198308    1.932225806452  168.812580645161  449.732903225806  440.665483870968  248.743548387097   51.486741935484
198309    1.921850000000  168.721000000000  449.703000000000  440.640666666667  248.752333333333   51.484266666667
198310    1.917632258065  168.658709677419  449.665483870968  440.615483870968  248.742903225807   51.482548387097
198311    1.909343333333  168.614000000000  449.759333333333  440.671333333333  248.765000000000   51.483000000000
198312    1.906393548387  168.580322580645  449.790967741936  440.686451612903  248.756774193548   51.481838709677
198401    1.908825806452  168.502258064516  449.654193548387  440.588709677419  248.700967741935   51.476322580645
198402    1.920668965517  168.584137931035  449.697241379310  440.624137931035  248.681034482759   51.478275862069
198403    1.922874193548  168.687419354839  449.895483870968  440.756451612903  248.717096774193   51.483709677419
198404    1.918120000000  168.559666666667  449.709333333333  440.627333333333  248.681333333333   51.477600000000
198405    1.912803225806  168.535483870968  449.710000000000  440.628064516129  248.692258064516   51.477709677419
198406    1.903943333333  168.522333333333  449.792333333333  440.686333333333  248.733666666667   51.479966666667
198407    1.895790322581  168.483225806452  449.800000000000  440.694516129032  248.752903225807   51.480258064516
198408    1.885690322581  168.385483870968  449.758064516129  440.665161290323  248.759354838710   51.478161290323
198409    1.878723333333  168.324666666667  449.757666666667  440.664000000000  248.765666666667   51.477166666667
198410    1.872658064516  168.257419354839  449.749677419355  440.656129032258  248.766774193549   51.475516129032
198411    1.870436666667  168.228666666667  449.739666666667  440.650333333333  248.759000000000   51.474733333333
198412    1.869812903226  168.242258064516  449.779677419355  440.677741935484  248.764516129032   51.475516129032
198501    1.867861290323  168.203870967742  449.752903225807  440.656451612903  248.760645161290   51.474193548387
198502    1.869596428571  168.229642857143  449.778928571429  440.675714285714  248.760357142857   51.475142857143
198503    1.870148387097  168.232580645161  449.788387096774  440.680645161290  248.762580645161   51.475193548387
198504    1.871776666667  168.226000000000  449.758333333333  440.660000000000  248.751666666667   51.474366666667
198505    1.874619354839  168.251290322581  449.757096774194  440.660000000000  248.747419354839   51.474774193548
198506    1.874880000000  168.272000000000  449.783333333333  440.679666666667  248.756000000000   51.475800000000
198507    1.875670967742  168.271612903226  449.751290322581  440.660967741936  248.751612903226   51.475419354839
198508    1.874548387097  168.281290322581  449.785161290323  440.683225806452  248.765806451613   51.476483870968
198509    1.872216666667  168.255333333333  449.772000000000  440.671000000000  248.769000000000   51.475866666667
198510    1.872900000000  168.244516129032  449.739032258065  440.650967741936  248.760967741936   51.475129032258
198511    1.871643333333  168.250666666667  449.757000000000  440.663666666667  248.763333333334   51.475366666667
198512    1.872364516129  168.265806451613  449.773870967742  440.674838709677  248.766774193549   51.475935483871
198601    1.872003225806  168.260645161290  449.773870967742  440.671612903226  248.768387096774   51.475838709677
198602    1.877310714286  168.276785714286  449.728214285714  440.646071428571  248.749642857143   51.475428571429
198603    1.875806451613  168.282903225806  449.764516129032  440.670000000000  248.762580645161   51.476387096774
198604    1.874633333333  168.266000000000  449.746666666667  440.657333333333  248.761333333333   51.475600000000
198605    1.873077419355  168.280967741936  449.779354838710  440.681290322581  248.770000000000   51.476741935484
198606    1.868863333333  168.240666666667  449.760333333333  440.663666666667  248.769333333334   51.475433333333
198607    1.869632258065  168.242258064516  449.758064516129  440.664193548387  248.766451612903   51.475419354839
198608    1.867493548387  168.216451612903  449.749354838710  440.655806451613  248.765806451613   51.474677419355
198609    1.868910000000  168.221333333333  449.764666666667  440.665333333333  248.769000000000   51.475100000000
198610    1.874325806452  168.254193548387  449.750322580645  440.660645161290  248.755483870968   51.475516129032
198611    1.873613333333  168.261333333333  449.775666666667  440.678000000000  248.765666666667   51.476166666667
198612    1.869832258065  168.224838709677  449.769677419355  440.670322580645  248.770000000000   51.475322580645
198701    1.867954838710  168.210322580645  449.766451612903  440.667096774194  248.767741935484   51.474838709677
198702    1.866553571429  168.196785714286  449.772500000000  440.669285714286  248.770000000000   51.474428571429
198703    1.867603225806  168.209354838710  449.774516129032  440.670645161290  248.763225806452   51.474580645161
198704    1.872303333333  168.222666666667  449.720000000000  440.637000000000  248.744000000000   51.473800000000
198705    1.875370967742  168.275806451613  449.755806451613  440.664516129032  248.750322580645   51.475516129032
198706    1.875280000000  168.305000000000  449.798000000000  440.691000000000  248.766000000000   51.476966666667
198707    1.878474193548  168.320322580645  449.774516129032  440.677741935484  248.760967741936   51.476967741936
198708    1.881161290323  168.313548387097  449.726451612903  440.644193548387  248.749354838710   51.475935483871
198709    1.881263333333  168.331333333333  449.755666666667  440.662000000000  248.760000000000   51.476800000000
198710    1.886132258065  168.367096774194  449.720645161290  440.643225806452  248.749677419355   51.477032258065
198711    1.889943333333  168.419000000000  449.738666666667  440.656333333333  248.754666666667   51.478433333333
198712    1.889609677419  168.427741935484  449.739032258065  440.653548387097  248.762580645161   51.478774193548
198801    1.897761290323  168.502903225806  449.736774193548  440.659032258065  248.755161290323   51.480225806452
198802    1.902351724138  168.548965517241  449.750689655172  440.667241379310  248.754137931035   51.481137931034
198803    1.907045161290  168.552580645161  449.678709677419  440.616774193549  248.733870967742   51.479354838710
198804    1.916206666667  168.641333333333  449.713000000000  440.641666666667  248.727666666667   51.481500000000
198805    1.920800000000  168.739677419355  449.847741935484  440.730000000000  248.747096774194   51.485419354839
198806    1.930646666667  168.727666666667  449.699000000000  440.629000000000  248.695333333333   51.481466666667
198807    1.934032258065  168.733548387097  449.634516129032  440.584838709677  248.674516129032   51.479806451613
198808    1.942048387097  168.846774193548  449.728709677419  440.649677419355  248.693225806452   51.483806451613
198809    1.951983333333  168.975000000000  449.827666666667  440.721333333333  248.713000000000   51.488600000000
198810    1.955022580645  168.949354838710  449.703870967742  440.634516129032  248.685161290323   51.485419354839
198811    1.954893333333  168.950333333333  449.719333333333  440.638333333333  248.694333333333   51.485166666667
198812    1.970500000000  169.059677419355  449.673548387097  440.615161290323  248.658387096774   51.486129032258
198901    1.982306451613  169.178709677419  449.681935483871  440.627419354839  248.642258064516   51.488225806452
198902    1.985410714286  169.262500000000  449.760000000000  440.682142857143  248.661428571429   51.491642857143
198903    1.980677419355  169.164193548387  449.640000000000  440.593225806452  248.656451612903   51.487451612903
198904    1.979806666667  169.200000000000  449.708666666667  440.637666666667  248.684333333333   51.489833333333
198905    1.992412903226  169.311612903226  449.771612903226  440.687096774194  248.689677419355   51.493548387097
198906    2.008233333333  169.301000000000  449.517666666667  440.527000000000  248.610333333333   51.488466666667
198907    1.999754838710  169.416129032258  449.898709677419  440.771290322581  248.706774193548   51.497612903226
198908    2.003470967742  169.300645161290  449.620967741935  440.585806451613  248.640000000000   51.489870967742
198909    2.001923333333  169.245333333333  449.514333333333  440.513000000000  248.626666666667   51.486866666667
198910    2.003574193548  169.414516129032  449.760000000000  440.687096774194  248.688387096774   51.495967741935
198911    2.009133333333  169.431666666667  449.656666666667  440.626333333333  248.667333333333   51.495233333333
198912    2.003545161290  169.395806451613  449.645161290323  440.618387096774  248.679032258065   51.494806451613
199001    1.997248387097  169.356774193548  449.654838709678  440.624838709677  248.691290322581   51.494548387097
199002    1.983314285714  169.242857142857  449.643928571429  440.607142857143  248.710714285714   51.491964285714
199003    1.981154838710  169.214838709677  449.620000000000  440.593225806451  248.708064516129   51.491258064516
199004    1.983863333333  169.281666666667  449.704666666667  440.656666666667  248.717666666667   51.494566666667
199005    1.978741935484  169.182258064516  449.620000000000  440.593225806452  248.698387096774   51.490322580645
199006    1.976813333333  169.207666666667  449.751666666667  440.675000000000  248.716333333333   51.492500000000
199007    1.978129032258  169.132258064516  449.651290322581  440.603548387097  248.677419354839   51.488193548387
199008    1.987674193548  169.122580645161  449.541290322581  440.535161290323  248.625161290323   51.485290322581
199009    1.982993333333  169.238000000000  449.865333333333  440.749000000000  248.690666666667   51.493300000000
199010    1.981232258065  169.170967741935  449.824838709677  440.714516129032  248.672580645161   51.490483870968
199011    1.969096666667  168.904000000000  449.588333333333  440.535333333333  248.631666666667   51.479366666667
199012    1.976051612903  169.064516129032  449.790645161290  440.677096774194  248.650967741936   51.485935483871
199101    1.987038709677  169.086129032258  449.635483870968  440.577096774194  248.604516129032   51.483096774194
199102    2.002464285714  169.257142857143  449.687857142857  440.623214285714  248.612857142857   51.488500000000
199103    2.008277419355  169.398387096774  449.754516129032  440.678387096774  248.639032258065   51.493548387097
199104    2.005263333333  169.465666666667  449.901333333333  440.774666666667  248.698000000000   51.498533333333
199105    1.998425806452  169.282903225806  449.650967741936  440.596451612903  248.662903225806   51.490161290323
199106    2.004180000000  169.302666666667  449.602000000000  440.570666666667  248.645333333333   51.489866666667
199107    2.011638709677  169.404838709677  449.685483870968  440.635161290322  248.652903225806   51.493870967742
199108    2.012903225806  169.401612903226  449.671935483871  440.627741935484  248.648709677419   51.493612903226
199109    2.004573333333  169.413000000000  449.841333333333  440.732000000000  248.691333333333   51.496700000000
199110    2.001219354839  169.228387096774  449.574838709677  440.547419354839  248.629354838710   51.487193548387
199111    1.993390000000  169.275666666667  449.826000000000  440.707666666667  248.687000000000   51.492466666667
199112    1.999338709677  169.154516129032  449.525161290323  440.507741935484  248.611612903226   51.484225806452
199201    2.012129032258  169.378709677419  449.721290322581  440.656774193549  248.647419354839   51.493580645161
199202    2.015775862069  169.397931034483  449.635172413793  440.611724137931  248.638965517241   51.493689655172
199203    1.996103225806  169.347741935484  449.775161290323  440.700000000000  248.714838709677   51.496548387097
199204    1.980596666667  169.201666666667  449.693000000000  440.643000000000  248.717000000000   51.492900000000
199205    1.958293548387  169.009677419355  449.693870967742  440.631935483871  248.741612903226   51.489161290323
199206    1.944330000000  168.892333333333  449.698666666667  440.632666666667  248.740333333333   51.486466666667
199207    1.942229032258  168.826129032258  449.648709677419  440.600967741936  248.710645161290   51.483838709677
199208    1.938283870968  168.764516129032  449.678709677419  440.615483870968  248.713870967742   51.482870967742
199209    1.935150000000  168.772000000000  449.766666666667  440.670666666667  248.726666666667   51.484333333333
199210    1.936125806452  168.738387096774  449.666129032258  440.605483870968  248.698064516129   51.481290322581
199211    1.941853333333  168.807333333333  449.703333333333  440.636666666667  248.697666666667   51.483733333333
199212    1.941787096774  168.860967741935  449.787741935484  440.693548387097  248.718387096774   51.486548387097
199301    1.934322580645  168.806129032258  449.792580645161  440.691290322581  248.735806451613   51.485580645161
199302    1.933685714286  168.704642857143  449.600357142857  440.563928571428  248.694642857143   51.480142857143
199303    1.935629032258  168.800645161290  449.733225806452  440.659677419355  248.718709677419   51.485000000000
199304    1.927276666667  168.744666666667  449.747666666667  440.667666666667  248.737000000000   51.484633333333
199305    1.918780645161  168.658709677419  449.709032258065  440.640322580645  248.739677419355   51.482516129032
199306    1.914653333333  168.632000000000  449.727666666667  440.654666666667  248.742000000000   51.482400000000
199307    1.905022580645  168.549677419355  449.742580645161  440.659677419355  248.747741935484   51.480806451613
199308    1.897258064516  168.472903225806  449.756451612903  440.664516129032  248.748709677419   51.479161290323
199309    1.889350000000  168.394333333333  449.775333333333  440.669000000000  248.750000000000   51.477300000000
199310    1.889016129032  168.353548387097  449.727096774194  440.637419354839  248.726129032258   51.475290322581
199311    1.887863333333  168.341000000000  449.749333333333  440.649666666667  248.728000000000   51.475100000000
199312    1.893258064516  168.409354838710  449.802903225806  440.690322580645  248.731612903226   51.477612903226
199401    1.893848387097  168.378387096774  449.703225806452  440.627419354839  248.712903225806   51.475322580645
199402    1.891503571429  168.421785714286  449.801071428572  440.694285714286  248.743928571429   51.478571428571
199403    1.887467741935  168.399354838710  449.807419354839  440.699354838710  248.757096774194   51.478741935484
199404    1.878140000000  168.304000000000  449.758666666667  440.660666666667  248.760333333333   51.476166666667
199405    1.877054838710  168.283225806452  449.748064516129  440.655161290322  248.751935483871   51.475322580645
199406    1.874250000000  168.263333333333  449.771333333333  440.668333333333  248.755333333333   51.475333333333
199407    1.875441935484  168.265161290323  449.777419354839  440.675161290323  248.748709677419   51.475419354839
199408    1.871516129032  168.231935483871  449.786129032258  440.674838709677  248.752580645161   51.474387096774
199409    1.872143333333  168.220000000000  449.755000000000  440.653333333333  248.744333333333   51.473433333333
199410    1.876312903226  168.264838709677  449.770645161290  440.670000000000  248.742258064516   51.474838709677
199411    1.874093333333  168.264000000000  449.801000000000  440.687333333333  248.755333333333   51.475366666667
199412    1.875470967742  168.260000000000  449.760967741936  440.662580645161  248.746774193548   51.474677419355
199501    1.873661290323  168.262903225806  449.790000000000  440.681612903226  248.756774193548   51.475451612903
199502    1.876942857143  168.281785714286  449.786071428571  440.682500000000  248.750714285714   51.476000000000
199503    1.874783870968  168.251290322581  449.768064516129  440.667419354839  248.747741935484   51.474806451613
199504    1.870073333333  168.215333333333  449.772666666667  440.666666666667  248.752666666667   51.473966666667
199505    1.868619354839  168.202258064516  449.771290322581  440.665483870968  248.752580645161   51.473580645161
199506    1.868693333333  168.209333333333  449.787333333333  440.678666666667  248.756000000000   51.474466666667
199507    1.868574193548  168.203870967742  449.777741935484  440.673225806452  248.754193548387   51.474161290323
199508    1.867461290323  168.206451612903  449.800645161290  440.689032258064  248.758709677419   51.474580645161
199509    1.865143333333  168.179000000000  449.791333333333  440.680333333333  248.759000000000   51.473833333333
199510    1.865835483871  168.171612903226  449.774838709677  440.670967741935  248.750322580645   51.473354838710
199511    1.862496666667  168.149333333333  449.795000000000  440.680333333333  248.756000000000   51.473133333333
199512    1.859283870968  168.117741935484  449.794193548387  440.679032258065  248.757419354839   51.472387096774
199601    1.858200000000  168.108387096774  449.803225806452  440.686774193549  248.756774193549   51.472322580645
199602    1.854275862069  168.074482758621  449.802758620689  440.683793103449  248.759655172414   51.471517241379
199603    1.852974193548  168.054193548387  449.789354838710  440.672903225806  248.756451612903   51.470677419355
199604    1.852620000000  168.056333333333  449.803666666667  440.681666666667  248.759333333333   51.471066666667
199605    1.855509677419  168.081612903226  449.809032258065  440.688387096774  248.756129032258   51.471741935484
199606    1.856296666667  168.090333333333  449.809000000000  440.690666666667  248.754666666667   51.472000000000
199607    1.857541935484  168.095483870968  449.797419354839  440.682580645161  248.752258064516   51.471709677419
199608    1.858641935484  168.108709677419  449.803225806452  440.686774193548  248.750967741936   51.472064516129
199609    1.857506666667  168.108333333333  449.819333333333  440.696000000000  248.759333333333   51.472533333333
199610    1.855535483871  168.086451612903  449.804516129032  440.682903225807  248.759677419355   51.471612903226
199611    1.858503333333  168.083000000000  449.753666666667  440.651333333333  248.745333333333   51.470766666667
199612    1.861129032258  168.142258064516  449.820322580645  440.700000000000  248.756451612903   51.473322580645
199701    1.858506451613  168.116451612903  449.803870967742  440.685483870968  248.760000000000   51.472645161290
199702    1.858203571429  168.111785714286  449.795000000000  440.679642857143  248.758571428572   51.472464285714
199703    1.858909677419  168.123870967742  449.795161290323  440.682903225806  248.759032258065   51.472806451613
199704    1.858913333333  168.115000000000  449.780333333333  440.671000000000  248.758000000000   51.472333333333
199705    1.861935483871  168.148387096774  449.792580645161  440.682580645161  248.757741935484   51.473419354839
199706    1.861783333333  168.148000000000  449.786666666667  440.677333333333  248.759000000000   51.473133333333
199707    1.862380645161  168.158387096774  449.787096774194  440.674838709678  248.760000000000   51.473225806452
199708    1.868025806452  168.208709677419  449.788064516129  440.678387096774  248.757096774194   51.474258064516
199709    1.876286666667  168.256000000000  449.734333333333  440.647666666667  248.736333333333   51.474266666667
199710    1.875667741935  168.296774193548  449.813225806452  440.698709677419  248.759677419355   51.476580645161
199711    1.881680000000  168.318333333333  449.749333333333  440.659000000000  248.741333333333   51.475900000000
199712    1.882664516129  168.336129032258  449.757096774193  440.665161290322  248.744838709677   51.476387096774
199801    1.882587096774  168.355161290323  449.795483870968  440.689354838710  248.756129032258   51.477451612903
199802    1.881282142857  168.322857142857  449.753571428571  440.656428571429  248.750357142857   51.475714285714
199803    1.887887096774  168.363870967742  449.710322580645  440.630000000000  248.732903225806   51.475483870968
199804    1.896573333333  168.479333333333  449.784666666667  440.686666666667  248.741666666667   51.479433333333
199805    1.898183870968  168.472903225806  449.726451612903  440.642903225806  248.736774193548   51.478064516129
199806    1.904556666667  168.540333333333  449.742666666667  440.657333333333  248.738333333333   51.479700000000
199807    1.916193548387  168.659677419355  449.782258064516  440.691935483871  248.734838709677   51.482806451613
199808    1.921009677419  168.651612903226  449.671290322581  440.615161290323  248.708064516129   51.480387096774
199809    1.925383333333  168.704000000000  449.683333333333  440.626000000000  248.713333333333   51.482000000000
199810    1.920887096774  168.724193548387  449.760645161290  440.676129032258  248.751612903226   51.484193548387
199811    1.926766666667  168.741333333333  449.665333333333  440.615666666667  248.732000000000   51.483066666667
199812    1.933600000000  168.827741935484  449.689354838710  440.641290322581  248.731935483871   51.485903225806
199901    1.932906451613  168.853225806452  449.756774193548  440.688387096774  248.754516129032   51.488258064516
199902    1.923600000000  168.721071428571  449.636785714286  440.596428571429  248.738571428571   51.482785714286
199903    1.921251612903  168.721290322581  449.694838709678  440.633548387097  248.749677419355   51.483677419355
199904    1.916636666667  168.665000000000  449.682333333333  440.615666666667  248.750666666667   51.481733333333
199905    1.934906451613  168.818064516129  449.709354838710  440.643870967742  248.721935483871   51.484709677419
199906    1.945916666667  168.882666666667  449.678333333333  440.632666666667  248.699666666667   51.485700000000
199907    1.946432258065  168.895483870968  449.689677419355  440.633548387097  248.701290322581   51.485612903226
199908    1.948119354839  168.926451612903  449.725161290323  440.656129032258  248.710645161290   51.486967741935
199909    1.938890000000  168.878666666667  449.799000000000  440.693000000000  248.739333333333   51.486866666667
199910    1.945354838710  168.843548387097  449.644193548387  440.593548387097  248.689677419355   51.482967741935
199911    1.954553333333  168.903666666667  449.621000000000  440.584000000000  248.670666666667   51.483666666667
199912    1.956096774194  168.961290322581  449.694193548387  440.628709677419  248.690000000000   51.485903225806
200001    1.957719354839  169.037096774194  449.813870967742  440.709354838710  248.722258064516   51.489774193548
200002    1.962103448276  169.042413793103  449.752413793103  440.667586206897  248.701034482759   51.488482758621
200003    1.971554838710  169.042258064516  449.622258064516  440.587419354839  248.649354838710   51.485709677419
200004    1.973583333333  169.109000000000  449.761000000000  440.677333333333  248.671000000000   51.489100000000
200005    1.963416129032  168.993870967742  449.691290322581  440.617741935484  248.667419354839   51.484709677419
200006    1.965986666667  169.025333333333  449.693000000000  440.618666666667  248.670000000000   51.485500000000
200007    1.977716129032  169.126451612903  449.666451612903  440.621935483871  248.662903225806   51.488903225806
200008    1.971445161290  169.160000000000  449.786774193548  440.699354838710  248.718387096774   51.492354838710
200009    1.965416666667  169.026666666667  449.557000000000  440.546000000000  248.691000000000   51.486533333333
200010    1.969041935484  169.172903225806  449.754193548387  440.682580645161  248.740967741936   51.493838709677
200011    1.972360000000  169.146666666667  449.619666666667  440.600333333333  248.714333333333   51.491400000000
200012    1.968877419355  169.139354838710  449.658064516129  440.625806451613  248.732258064516   51.492258064516
200101    1.961851612903  169.080967741936  449.678387096774  440.635806451613  248.737096774194   51.491290322581
200102    1.955528571429  169.042500000000  449.757142857143  440.681428571429  248.746428571429   51.490785714286
200103    1.952880645161  168.920967741935  449.607741935484  440.574838709677  248.692903225806   51.484354838710
200104    1.953933333333  168.906333333333  449.606333333333  440.568666666667  248.673333333333   51.483000000000
200105    1.951483870968  168.951935483871  449.762580645161  440.674193548387  248.711935483871   51.487032258065
200106    1.959153333333  168.981000000000  449.691333333333  440.634333333333  248.686666666667   51.486533333333
200107    1.948322580645  168.949677419355  449.803225806452  440.695161290322  248.729677419355   51.487387096774
200108    1.953925806452  168.937419354839  449.695161290323  440.618064516129  248.694193548387   51.484354838710
200109    1.978680000000  169.087000000000  449.599000000000  440.568333333333  248.634000000000   51.485233333333
200110    1.988451612903  169.236451612903  449.737096774194  440.663225806452  248.661935483871   51.490870967742
200111    1.987613333333  169.208333333333  449.629666666667  440.584000000000  248.661000000000   51.488533333333
200112    2.004341935484  169.390645161290  449.662258064516  440.626451612903  248.671612903226   51.494322580645
200201    2.012900000000  169.523225806452  449.739677419355  440.689677419355  248.696129032258   51.499677419355
200202    2.001346428571  169.419285714286  449.707142857143  440.659642857143  248.707500000000   51.497000000000
200203    1.987074193548  169.288709677419  449.710322580645  440.650645161290  248.714193548387   51.493967741935
200204    1.980786666667  169.150666666667  449.600000000000  440.575000000000  248.671000000000   51.488300000000
200205    1.973970967742  169.103548387097  449.697096774193  440.632580645161  248.673225806452   51.487967741935
200206    1.960870000000  169.007333333333  449.795333333333  440.688333333333  248.690000000000   51.486866666667
200207    1.952074193548  168.836451612903  449.638709677419  440.574193548387  248.646451612903   51.479645161290
200208    1.957767741935  168.918709677419  449.738709677419  440.646129032258  248.651290322581   51.482870967742
200209    1.958776666667  168.942333333333  449.763333333333  440.668666666667  248.663000000000   51.484733333333
200210    1.955674193548  168.927096774194  449.730967741936  440.648064516129  248.673870967742   51.484580645161
200211    1.952180000000  168.905333333333  449.672666666667  440.611333333333  248.684666666667   51.484133333333
200212    1.953045161290  168.988064516129  449.787096774194  440.702258064516  248.723870967742   51.489741935484
200301    1.941903225806  168.885161290323  449.742903225806  440.669677419355  248.731612903226   51.487096774194
200302    1.927207142857  168.770000000000  449.782142857143  440.685357142857  248.751071428571   51.485214285714
200303    1.924429032258  168.669032258065  449.677741935484  440.613870967742  248.709032258065   51.480516129032
200304    1.919713333333  168.624333333333  449.726000000000  440.643333333333  248.708000000000   51.480033333333
200305    1.912503225806  168.570322580645  449.766774193548  440.662580645161  248.716451612903   51.479064516129
200306    1.913613333333  168.553333333333  449.719666666667  440.630666666667  248.702333333333   51.477700000000
200307    1.920677419355  168.630967741936  449.768064516129  440.672258064516  248.704193548387   51.480645161290
200308    1.918832258065  168.634838709677  449.820322580645  440.705806451613  248.712903225806   51.481612903226
200309    1.913530000000  168.608333333333  449.901000000000  440.753000000000  248.725000000000   51.481766666667
200310    1.910064516129  168.388709677419  449.541290322581  440.500967741935  248.630000000000   51.469161290323
200311    1.914713333333  168.556333333333  449.834666666667  440.702000000000  248.684000000000   51.477800000000
200312    1.908464516129  168.543225806452  449.889354838710  440.742903225806  248.717419354839   51.479741935484
200401    1.903474193548  168.475161290323  449.788064516129  440.676129032258  248.716451612903   51.477612903226
200402    1.901113793103  168.468965517241  449.780000000000  440.672758620690  248.725517241379   51.478034482759
200403    1.899193548387  168.460000000000  449.776129032258  440.673548387097  248.727419354839   51.478000000000
200404    1.895753333333  168.439666666667  449.816666666667  440.698000000000  248.737000000000   51.478366666667
200405    1.890370967742  168.366451612903  449.788387096774  440.672580645161  248.726774193548   51.475870967742
200406    1.889423333333  168.358000000000  449.819000000000  440.691333333333  248.722000000000   51.475500000000
200407    1.891977419355  168.326774193548  449.741290322581  440.639677419355  248.691290322581   51.473096774194
200408    1.891738709677  168.336129032258  449.770000000000  440.657741935484  248.698709677419   51.473580645161
200409    1.891340000000  168.384666666667  449.864000000000  440.722000000000  248.724666666667   51.476733333333
200410    1.890819354839  168.373548387097  449.832903225806  440.702903225806  248.724516129032   51.476451612903
200411    1.891306666667  168.357666666667  449.781000000000  440.672666666667  248.713000000000   51.475366666667
200412    1.887567741935  168.367419354839  449.871290322581  440.729677419355  248.736451612903   51.476967741936
200501    1.883593548387  168.258387096774  449.712580645161  440.619677419355  248.700967741935   51.471387096774
200502    1.883282142857  168.306071428572  449.831428571429  440.702500000000  248.725000000000   51.474857142857
200503    1.876996774194  168.249354838710  449.833870967742  440.699354838710  248.731935483871   51.473741935484
200504    1.874766666667  168.225333333333  449.835666666667  440.699000000000  248.730333333333   51.473066666667
200505    1.879625806452  168.243225806452  449.808709677419  440.683870967742  248.712580645161   51.472741935484
200506    1.876843333333  168.219333333333  449.805333333333  440.679666666667  248.715000000000   51.472266666667
200507    1.878364516129  168.239677419355  449.813870967742  440.689032258064  248.715806451613   51.473290322581
200508    1.877754838710  168.256451612903  449.850000000000  440.714838709677  248.727096774193   51.474419354839
200509    1.871753333333  168.182000000000  449.781333333333  440.666333333333  248.722333333333   51.471666666667
200510    1.864874193548  168.156774193548  449.845806451613  440.704516129032  248.748387096774   51.472645161290
200511    1.864996666667  168.133666666667  449.789000000000  440.669333333333  248.732000000000   51.471166666667
200512    1.869545161290  168.175806451613  449.799677419355  440.685483870968  248.730322580645   51.472677419355
200601    1.865851612903  168.169354838710  449.839354838710  440.708387096774  248.746774193548   51.473290322581
200602    1.860614285714  168.123571428571  449.826785714286  440.695000000000  248.751785714286   51.472214285714
200603    1.858761290323  168.098064516129  449.805806451613  440.679354838710  248.749354838710   51.471161290323
200604    1.866190000000  168.142666666667  449.781666666667  440.670000000000  248.731666666667   51.471866666667
200605    1.865983870968  168.166129032258  449.842258064516  440.712580645161  248.744838709677   51.473451612903
200606    1.861970000000  168.124333333333  449.826666666667  440.697333333333  248.743666666667   51.472000000000
200607    1.860567741935  168.103225806452  449.822580645161  440.692580645161  248.739677419355   51.471483870968
200608    1.857732258065  168.062258064516  449.795483870968  440.670645161290  248.730322580645   51.469612903226
200609    1.856023333333  168.067333333333  449.855666666667  440.711000000000  248.741000000000   51.470733333333
200610    1.853419354839  168.043225806452  449.870000000000  440.716129032258  248.744516129032   51.470258064516
200611    1.857243333333  168.038000000000  449.806666666667  440.678333333333  248.718666666667   51.468733333333
200612    1.856654838710  168.047096774194  449.840645161290  440.700645161290  248.725483870968   51.469516129032
200701    1.856903225806  168.051935483871  449.839354838709  440.701612903226  248.727741935484   51.469935483871
200702    1.853621428571  168.033214285714  449.843928571429  440.703214285714  248.736071428571   51.469821428571
200703    1.850267741935  168.015161290323  449.853870967742  440.709354838709  248.748064516129   51.469870967742
200704    1.849093333333  167.997666666667  449.833000000000  440.693333333333  248.745000000000   51.469066666667
200705    1.850422580645  168.002903225806  449.822258064516  440.690645161290  248.740967741935   51.469258064516
200706    1.852596666667  168.034333333333  449.848000000000  440.709333333334  248.742333333333   51.470400000000
200707    1.850619354839  168.010645161290  449.830322580645  440.696451612903  248.740645161290   51.469580645161
200708    1.847803225806  167.994516129032  449.848387096774  440.706774193548  248.747419354839   51.469612903226
200709    1.843890000000  167.956666666667  449.833333333333  440.695333333333  248.749333333333   51.468433333333
200710    1.842970967742  167.947741935484  449.833225806452  440.694838709678  248.750000000000   51.468483870968
200711    1.842693333333  167.943333333333  449.830000000000  440.693666666667  248.750000000000   51.468466666667
200712    1.846009677419  167.973548387097  449.835483870968  440.699032258065  248.746451612903   51.469258064516
200801    1.847006451613  167.990322580645  449.853225806452  440.713225806452  248.748709677419   51.469774193548
200802    1.845396551724  167.971379310345  449.843103448276  440.704137931034  248.749655172414   51.469137931034
200803    1.845477419355  167.957741935484  449.820000000000  440.688709677419  248.742903225806   51.468483870968
200804    1.845086666667  167.968000000000  449.849666666667  440.706333333333  248.749000000000   51.469100000000
200805    1.843900000000  167.957096774194  449.849032258065  440.706451612903  248.749677419355   51.469000000000
200806    1.841910000000  167.937000000000  449.844666666667  440.703666666667  248.750000000000   51.468466666667
200807    1.840338709677  167.920967741935  449.842258064516  440.702258064516  248.750000000000   51.468000000000
200808    1.839609677419  167.914193548387  449.844193548387  440.701935483871  248.750000000000   51.467870967742
200809    1.838676666667  167.905333333333  449.842000000000  440.700000000000  248.750000000000   51.467500000000
200810    1.839541935484  167.913225806452  449.845483870968  440.702903225807  248.749677419355   51.467967741936
200811    1.840653333333  167.925666666667  449.849000000000  440.705666666667  248.748666666667   51.468333333333
200812    1.840241935484  167.922580645161  449.846129032258  440.704516129032  248.750000000000   51.468064516129
200901    1.840922580645  167.929677419355  449.848064516129  440.705806451613  248.750000000000   51.468548387097
200902    1.840482142857  167.925357142857  449.844642857143  440.704285714286  248.750000000000   51.468250000000
200903    1.840316129032  167.921935483871  449.839677419355  440.700000000000  248.750000000000   51.468032258065
200904    1.840306666667  167.921333333333  449.836333333333  440.698000000000  248.750000000000   51.467966666667
200905    1.842925806452  167.950967741935  449.852580645161  440.710967741935  248.749032258064   51.468838709677
200906    1.842636666667  167.948000000000  449.849666666667  440.707333333333  248.749000000000   51.468533333333
200907    1.841577419355  167.932258064516  449.838064516129  440.699677419355  248.747419354839   51.468161290323
200908    1.840267741935  167.921935483871  449.838709677419  440.697419354839  248.750000000000   51.468032258065
200909    1.841660000000  167.935666666667  449.840000000000  440.698666666666  248.750000000000   51.468400000000
200910    1.842596774194  167.944193548387  449.829677419355  440.695483870968  248.748387096774   51.468387096774
200911    1.845733333333  167.978666666667  449.839666666667  440.702000000000  248.750000000000   51.469433333333
200912    1.848048387097  167.996451612903  449.816774193548  440.687419354839  248.746774193548   51.469322580645
201001    1.852619354839  168.044516129032  449.820645161290  440.692580645161  248.747419354839   51.470838709677
201002    1.857342857143  168.098214285714  449.840714285714  440.711071428571  248.749642857143   51.472285714286
201003    1.857393548387  168.085483870968  449.805483870968  440.686129032258  248.743870967742   51.471451612903
201004    1.855713333333  168.080000000000  449.825000000000  440.695666666666  248.752000000000   51.471566666667
201005    1.853709677419  168.058709677419  449.813225806452  440.686451612903  248.750967741935   51.470774193548
201006    1.852960000000  168.048666666667  449.804666666667  440.678000000000  248.751333333333   51.470266666667
201007    1.858670967742  168.102258064516  449.822580645161  440.695483870968  248.746129032258   51.471838709677
201008    1.860503225806  168.110645161290  449.810645161290  440.689032258064  248.741290322581   51.471741935484
201009    1.863386666667  168.138333333333  449.819666666667  440.696000000000  248.737666666667   51.472333333333
201010    1.860787096774  168.107419354839  449.801935483871  440.680322580645  248.737741935484   51.470967741935
201011    1.860963333333  168.120666666667  449.833333333333  440.701666666667  248.744000000000   51.471900000000
201012    1.860900000000  168.112580645161  449.811935483871  440.684838709677  248.739677419355   51.471193548387
201101    1.861041935484  168.118064516129  449.812580645161  440.682580645161  248.743548387097   51.471161290323
201102    1.866492857143  168.158214285714  449.786071428571  440.667500000000  248.736428571429   51.471678571429
201103    1.879235483871  168.261290322581  449.757741935484  440.658387096774  248.720322580645   51.473580645161
201104    1.889133333333  168.385666666667  449.826000000000  440.713000000000  248.731666666667   51.478100000000
201105    1.882996774194  168.340645161290  449.816451612903  440.697741935484  248.746451612903   51.476612903226
201106    1.884840000000  168.344333333333  449.805000000000  440.690000000000  248.741666666667   51.476366666667
201107    1.883396774194  168.316774193548  449.788709677419  440.671935483871  248.735161290323   51.474806451613
201108    1.888174193548  168.336451612903  449.763225806452  440.653870967742  248.720322580645   51.474161290323
201109    1.903310000000  168.453333333333  449.749000000000  440.649666666667  248.696666666667   51.476100000000
201110    1.913767741935  168.558064516129  449.767741935484  440.668064516129  248.694838709677   51.478612903226
201111    1.924090000000  168.666333333333  449.786666666667  440.690000000000  248.695333333333   51.481500000000
201112    1.919496774194  168.651290322581  449.802258064516  440.699032258065  248.713548387097   51.482000000000
201201    1.909877419355  168.563870967742  449.769677419355  440.672258064516  248.720000000000   51.479774193548
201202    1.896358620690  168.458275862069  449.786206896552  440.675862068965  248.740000000000   51.477896551724
201203    1.894980645161  168.416129032258  449.746451612903  440.648387096774  248.726451612903   51.476161290323
201204    1.896746666667  168.440000000000  449.798666666667  440.685000000000  248.727333333333   51.477433333333
201205    1.901548387097  168.449032258064  449.759032258065  440.659354838710  248.704516129032   51.476451612903
201206    1.902203333333  168.473000000000  449.803000000000  440.689333333333  248.712666666667   51.477600000000
201207    1.902987096774  168.437741935484  449.693548387097  440.612258064516  248.690967741935   51.474645161290
201208    1.903664516129  168.513225806452  449.806129032258  440.693225806452  248.725806451613   51.479161290323
201209    1.907456666667  168.562333333333  449.816000000000  440.707000000000  248.731666666667   51.481000000000
201210    1.903990322581  168.506451612903  449.744838709677  440.656451612903  248.723548387097   51.478580645161
201211    1.901713333333  168.490666666667  449.757666666667  440.663000000000  248.728333333333   51.478400000000
201212    1.896196774194  168.447096774194  449.773548387097  440.669032258064  248.740000000000   51.477838709677
