197501    1.872235483871  168.204516129032  449.643225806451  440.553870967742  248.775483870968   51.472709677419
197502    1.869650000000  168.187857142857  449.625000000000  440.543214285714  248.771071428572   51.471464285714
197503    1.868764516129  168.186451612903  449.625806451613  440.546129032258  248.772258064516   51.471322580645
197504    1.869080000000  168.193000000000  449.637000000000  440.553000000000  248.773666666667   51.471666666667
197505    1.868312903226  168.183870967742  449.620322580645  440.542903225807  248.770322580645   51.471032258065
197506    1.866223333333  168.161000000000  449.589666666667  440.522333333333  248.767666666667   51.469733333333
197507    1.868958064516  168.160000000000  449.578064516129  440.510645161290  248.762258064516   51.469903225806
197508    1.872874193548  168.142580645161  449.530322580645  440.473548387097  248.748387096774   51.469483870968
197509    1.872366666667  168.213333333333  449.656666666667  440.564000000000  248.777666666667   51.473166666667
197510    1.873861290323  168.220000000000  449.664193548387  440.567741935484  248.777419354839   51.473870967742
197511    1.876653333333  168.227333333333  449.664666666667  440.566666666667  248.774666666667   51.474500000000
197512    1.873767741935  168.226774193548  449.676129032258  440.576129032258  248.780000000000   51.474129032258
197601    1.874016129032  168.218387096774  449.661612903226  440.566129032258  248.776451612903   51.473774193548
197602    1.872031034483  168.213793103448  449.660000000000  440.565517241379  248.778275862069   51.473379310345
197603    1.873893548387  168.194516129032  449.617741935484  440.535161290323  248.767741935484   51.472483870968
197604    1.875566666667  168.207666666667  449.634666666667  440.544000000000  248.770000000000   51.473233333333
197605    1.874312903226  168.228064516129  449.675483870968  440.575806451613  248.780645161290   51.474290322581
197606    1.873346666667  168.219333333333  449.665000000000  440.569333333333  248.779333333333   51.473700000000
197607    1.870803225806  168.205806451613  449.654838709677  440.563548387097  248.780000000000   51.472774193548
197608    1.875158064516  168.212580645161  449.645806451613  440.555483870968  248.772258064516   51.473645161290
197609    1.875340000000  168.225333333333  449.668000000000  440.570000000000  248.777000000000   51.474400000000
197610    1.876948387097  168.239032258064  449.685161290322  440.580645161290  248.779677419355   51.475225806452
197611    1.873120000000  168.217333333333  449.663333333333  440.567666666667  248.778666666667   51.473566666667
197612    1.873880645161  168.212903225806  449.650322580645  440.557741935484  248.773548387097   51.473419354839
197701    1.875025806452  168.230967741935  449.677741935484  440.577096774194  248.779354838710   51.474612903226
197702    1.880400000000  168.266428571429  449.717857142857  440.601428571429  248.783214285714   51.477142857143
197703    1.873809677419  168.228064516129  449.679677419355  440.579354838710  248.780645161290   51.474258064516
197704    1.877280000000  168.247000000000  449.698333333333  440.589000000000  248.783333333333   51.475566666667
197705    1.880212903226  168.272258064516  449.730967741935  440.610000000000  248.787096774194   51.477483870968
197706    1.884013333333  168.251000000000  449.678666666667  440.569000000000  248.772333333333   51.476733333333
197707    1.879774193548  168.264838709677  449.720000000000  440.603548387097  248.785161290323   51.477064516129
197708    1.883483870968  168.286774193548  449.744193548387  440.616774193548  248.787096774194   51.478612903226
197709    1.886113333333  168.248666666667  449.664000000000  440.557666666667  248.767666666667   51.476733333333
197710    1.889200000000  168.300000000000  449.742903225807  440.609677419355  248.782580645161   51.480032258065
197711    1.894350000000  168.371333333333  449.850000000000  440.682333333333  248.801000000000   51.484466666667
197712    1.899390322581  168.379677419355  449.840967741935  440.672903225806  248.795161290323   51.485451612903
197801    1.898009677419  168.380645161290  449.850322580645  440.679354838710  248.797419354839   51.485483870968
197802    1.907696428571  168.331428571429  449.722142857143  440.579642857143  248.762500000000   51.483714285714
197803    1.904383870968  168.369677419355  449.802903225807  440.640000000000  248.781612903226   51.485451612903
197804    1.909533333333  168.383333333333  449.807000000000  440.639000000000  248.778666666667   51.486733333333
197805    1.912122580645  168.415483870968  449.853225806452  440.670322580645  248.786451612903   51.489064516129
197806    1.914453333333  168.455666666667  449.914333333333  440.711333333333  248.798666666667   51.491400000000
197807    1.909774193548  168.437419354839  449.902903225806  440.707096774194  248.800645161290   51.489838709677
197808    1.907377419355  168.458709677419  449.950645161290  440.744516129032  248.811935483871   51.490870967742
197809    1.921060000000  168.426333333333  449.834000000000  440.647666666667  248.774000000000   51.490500000000
197810    1.922087096774  168.498709677419  449.957741935484  440.735483870968  248.801290322581   51.494516129032
197811    1.917156666667  168.449666666667  449.891333333333  440.694000000000  248.790333333333   51.491366666667
197812    1.921032258065  168.358709677419  449.715161290322  440.563548387097  248.748387096774   51.486645161290
197901    1.937938709677  168.501290322581  449.898064516129  440.678064516129  248.774516129032   51.496483870968
197902    1.943353571429  168.579642857143  450.013214285714  440.755714285714  248.795000000000   51.501357142857
197903    1.946567741935  168.674516129032  450.170967741935  440.866129032258  248.827419354839   51.507096774194
197904    1.934046666667  168.541666666667  449.986000000000  440.745000000000  248.797333333333   51.498300000000
197905    1.934080645161  168.565806451613  450.030645161290  440.776451612903  248.806451612903   51.499645161290
197906    1.933576666667  168.445666666667  449.815000000000  440.623333333333  248.759666666667   51.492866666667
197907    1.933506451613  168.541290322581  449.988387096774  440.747419354839  248.797096774194   51.498354838710
197908    1.933529032258  168.521290322581  449.953225806452  440.722903225806  248.790322580645   51.497129032258
197909    1.941223333333  168.550333333333  449.971666666667  440.729333333333  248.788333333333   51.499466666667
197910    1.946500000000  168.563548387097  449.974193548387  440.725806451613  248.783870967742   51.500903225806
197911    1.949840000000  168.529333333333  449.896666666667  440.668000000000  248.764666666667   51.499333333333
197912    1.943661290323  168.619032258065  450.086129032258  440.808064516129  248.811290322581   51.503774193548
198001    1.944651612903  168.617096774194  450.076451612903  440.800000000000  248.808387096774   51.503709677419
198002    1.939637931034  168.554827586207  449.987931034483  440.741379310345  248.793793103448   51.499793103448
198003    1.936725806452  168.629677419355  450.133870967742  440.847419354839  248.828064516129   51.503548387097
198004    1.938950000000  168.481666666667  449.860000000000  440.651666666667  248.764333333333   51.495533333333
198005    1.948506451613  168.535483870968  449.916129032258  440.683225806452  248.769677419355   51.499548387097
198006    1.939616666667  168.583666666667  450.039666666667  440.778000000000  248.805333333333   51.501333333333
198007    1.938770967742  168.568064516129  450.013870967742  440.761612903226  248.799677419355   51.500290322581
198008    1.931977419355  168.554193548387  450.017419354839  440.770322580645  248.805161290323   51.498709677419
198009    1.936153333333  168.541333333333  449.977666666667  440.737666666667  248.794333333333   51.498533333333
198010    1.941561290323  168.545161290323  449.962903225807  440.721935483871  248.785806451613   51.499290322581
198011    1.939676666667  168.445333333333  449.789333333333  440.600000000000  248.749333333333   51.493533333333
198012    1.952145161290  168.652580645161  450.110322580645  440.817096774193  248.809354838710   51.506354838710
198101    1.937967741935  168.638387096774  450.143870967742  440.854193548387  248.828387096774   51.504161290323
198102    1.938167857143  168.535714285714  449.959642857143  440.722500000000  248.788214285714   51.498392857143
198103    1.945138709677  168.586774193548  450.020645161290  440.760000000000  248.795483870968   51.502129032258
198104    1.953740000000  168.675000000000  450.140000000000  440.839000000000  248.815000000000   51.507866666667
198105    1.944974193548  168.589032258065  450.025806451613  440.764516129032  248.796774193548   51.502129032258
198106    1.928536666667  168.522333333333  449.975000000000  440.742000000000  248.799666666667   51.496700000000
198107    1.931967741935  168.374193548387  449.694838709677  440.540322580645  248.735161290323   51.488677419355
198108    1.946503225806  168.662258064516  450.151290322581  440.851290322581  248.822903225806   51.506516129032
198109    1.954613333333  168.614333333333  450.029666666667  440.759000000000  248.790000000000   51.504666666667
198110    1.950245161290  168.537741935484  449.911935483871  440.678387096774  248.767419354839   51.499935483871
198111    1.946850000000  168.598000000000  450.033666666667  440.768000000000  248.797333333333   51.502766666667
198112    1.947958064516  168.582258064516  450.000967741935  440.745483870968  248.790645161290   51.502225806452
198201    1.936700000000  168.599677419355  450.077096774194  440.808064516129  248.815483870968   51.501774193548
198202    1.938342857143  168.394642857143  449.705357142857  440.542500000000  248.732500000000   51.490607142857
198203    1.939935483871  168.395161290323  449.699677419355  440.536129032258  248.729354838710   51.490838709677
198204    1.928776666667  168.498333333333  449.930666666667  440.710333333333  248.789666666667   51.495366666667
198205    1.921009677419  168.471290322581  449.914193548387  440.705806451613  248.792903225806   51.493032258065
198206    1.919683333333  168.289000000000  449.594333333333  440.479000000000  248.723666666667   51.482533333333
198207    1.920919354839  168.415806451613  449.815806451613  440.636774193548  248.770967741936   51.489806451613
198208    1.924490322581  168.431935483871  449.830967741935  440.643870967742  248.771935483871   51.491064516129
198209    1.930413333333  168.511000000000  449.944000000000  440.720000000000  248.791666666667   51.496133333333
198210    1.930109677419  168.533870967742  449.989032258065  440.750967741935  248.801612903226   51.497354838710
198211    1.925063333333  168.478666666667  449.911666666667  440.699666666667  248.789666666667   51.493900000000
198212    1.932509677419  168.450967741935  449.831612903226  440.635483870968  248.764838709677   51.493096774194
198301    1.917409677419  168.462580645161  449.915483870968  440.709032258065  248.796129032258   51.492129032258
198302    1.906725000000  168.401428571429  449.851071428572  440.672500000000  248.790714285714   51.487500000000
198303    1.904945161290  168.400645161290  449.856129032258  440.676451612903  248.793225806452   51.487225806452
198304    1.906086666667  168.403666666667  449.856666666667  440.677000000000  248.791333333333   51.487600000000
198305    1.910409677419  168.383548387097  449.800645161290  440.633870967742  248.777419354839   51.486838709677
198306    1.913080000000  168.391666666667  449.806666666667  440.636333333333  248.776333333333   51.487800000000
198307    1.908429032258  168.419354838710  449.875161290323  440.688709677419  248.795806451613   51.488709677419
198308    1.910254838710  168.452258064516  449.927096774194  440.724193548387  248.805161290323   51.490774193548
198309    1.900503333333  168.392333333333  449.860666666667  440.685333333333  248.798666666667   51.486366666667
198310    1.898222580645  168.348709677419  449.792258064516  440.638387096774  248.784838709678   51.483677419355
198311    1.890643333333  168.349333333333  449.825000000000  440.668000000000  248.797666666667   51.482866666667
198312    1.889974193548  168.333548387097  449.801290322581  440.652258064516  248.793548387097   51.481967741935
198401    1.890577419355  168.194193548387  449.546774193548  440.470322580645  248.737096774194   51.474161290323
198402    1.901968965517  168.270000000000  449.633448275862  440.522413793103  248.746551724138   51.479689655172
198403    1.903780645161  168.385161290323  449.832903225806  440.662903225806  248.790000000000   51.486258064516
198404    1.900810000000  168.245666666667  449.596000000000  440.496333333333  248.739666666667   51.478233333333
198405    1.900916129032  168.292258064516  449.680000000000  440.554838709677  248.758064516129   51.480774193548
198406    1.896026666667  168.352000000000  449.808666666667  440.652666666667  248.790666666667   51.483633333333
198407    1.891625806452  168.349032258065  449.820645161290  440.663225806451  248.797096774194   51.483000000000
198408    1.885609677419  168.305806451613  449.769677419355  440.633548387097  248.790322580645   51.479935483871
198409    1.881100000000  168.279333333333  449.738666666667  440.616000000000  248.788000000000   51.477933333333
198410    1.876729032258  168.248064516129  449.701935483871  440.592903225807  248.781935483871   51.475709677419
198411    1.875703333333  168.222000000000  449.662000000000  440.564666666667  248.774666666667   51.474100000000
198412    1.875819354839  168.239677419355  449.690645161290  440.585806451613  248.780967741935   51.475258064516
198501    1.872854838710  168.208709677419  449.648387096774  440.558064516129  248.775161290323   51.473064516129
198502    1.873771428571  168.223928571429  449.671785714286  440.573214285714  248.778571428571   51.473964285714
198503    1.872887096774  168.212258064516  449.655161290323  440.563225806452  248.777419354839   51.473451612903
198504    1.872380000000  168.185333333333  449.610666666667  440.531000000000  248.768000000000   51.471866666667
198505    1.875606451613  168.213548387097  449.644838709677  440.552903225806  248.772580645161   51.473774193548
198506    1.875533333333  168.225000000000  449.666000000000  440.568000000000  248.776333333333   51.474266666667
198507    1.875722580645  168.214193548387  449.646451612903  440.554516129032  248.772258064516   51.473806451613
198508    1.875116129032  168.237096774194  449.690000000000  440.586451612903  248.783225806452   51.474903225806
198509    1.871543333333  168.210666666667  449.658666666667  440.566000000000  248.778666666667   51.473033333333
198510    1.872106451613  168.196774193548  449.630645161290  440.545806451613  248.771290322581   51.472354838710
198511    1.872063333333  168.208000000000  449.650666666667  440.560333333333  248.775333333333   51.472933333333
198512    1.872890322581  168.218064516129  449.665161290322  440.569354838710  248.778064516129   51.473483870968
198601    1.871929032258  168.213870967742  449.660000000000  440.566774193548  248.777419354839   51.473161290323
198602    1.875392857143  168.201428571429  449.623571428571  440.538928571429  248.766785714286   51.472892857143
198603    1.874796774194  168.224193548387  449.668387096774  440.570000000000  248.778387096774   51.474096774194
198604    1.873863333333  168.215666666667  449.655666666667  440.561666666667  248.776666666667   51.473666666667
198605    1.873903225806  168.230000000000  449.679677419355  440.579677419355  248.781290322581   51.474354838710
198606    1.870856666667  168.207333333333  449.653333333333  440.564000000000  248.777666666667   51.472766666667
198607    1.871874193548  168.208387096774  449.651935483871  440.560967741935  248.775161290323   51.473064516129
198608    1.870270967742  168.196129032258  449.634516129032  440.550645161290  248.774838709678   51.472129032258
198609    1.869213333333  168.191666666667  449.635333333333  440.551333333333  248.775000000000   51.471800000000
198610    1.874951612903  168.213225806452  449.648709677419  440.556774193548  248.773870967742   51.473645161290
198611    1.874840000000  168.229666666667  449.678333333333  440.577333333334  248.781000000000   51.474600000000
198612    1.871580645161  168.211612903226  449.659354838710  440.565806451613  248.777741935484   51.473129032258
198701    1.871522580645  168.211612903226  449.657741935484  440.565806451613  248.778709677419   51.472935483871
198702    1.870917857143  168.207500000000  449.654285714286  440.563214285714  248.779642857143   51.472857142857
198703    1.872390322581  168.212580645161  449.657741935484  440.565806451613  248.777741935484   51.473290322581
198704    1.877050000000  168.215333333333  449.641666666667  440.548666666667  248.768666666667   51.473900000000
198705    1.880190322581  168.246451612903  449.684516129032  440.577741935484  248.776451612903   51.476032258064
198706    1.879063333333  168.264666666667  449.723333333333  440.604000000000  248.785333333333   51.476833333333
198707    1.881329032258  168.273870967742  449.728064516129  440.606774193548  248.784838709677   51.477451612903
198708    1.882006451613  168.257096774194  449.696129032258  440.584193548387  248.777096774194   51.476645161290
198709    1.881010000000  168.270333333333  449.725333333333  440.605666666667  248.784000000000   51.477400000000
198710    1.884767741935  168.277419354839  449.720967741935  440.598387096774  248.780000000000   51.478225806452
198711    1.888690000000  168.313666666667  449.770000000000  440.630333333333  248.788333333333   51.480666666667
198712    1.886138709677  168.320967741935  449.792258064516  440.649354838710  248.795161290323   51.480774193548
198801    1.891829032258  168.336129032258  449.795806451613  440.646451612903  248.791612903226   51.482225806452
198802    1.893541379310  168.351034482759  449.815517241379  440.659655172414  248.794137931035   51.483206896552
198803    1.894429032258  168.317096774194  449.753225806452  440.613870967742  248.779354838710   51.481548387097
198804    1.900820000000  168.356000000000  449.792666666667  440.636666666667  248.782333333333   51.484233333333
198805    1.901000000000  168.409032258065  449.887096774194  440.702903225806  248.802903225806   51.487258064516
198806    1.908036666667  168.359333333333  449.768666666667  440.611666666667  248.771333333333   51.485100000000
198807    1.910077419355  168.321935483871  449.693548387097  440.557419354839  248.752580645161   51.483387096774
198808    1.913338709677  168.398709677419  449.816451612903  440.642903225806  248.777419354839   51.488064516129
198809    1.914380000000  168.449666666667  449.907333333333  440.705333333333  248.795666666667   51.491166666667
198810    1.915819354839  168.390645161290  449.793225806452  440.623548387097  248.770967741936   51.487838709677
198811    1.918326666667  168.450333333333  449.889333333333  440.689333333333  248.789000000000   51.491600000000
198812    1.928493548387  168.452903225806  449.851612903226  440.654516129032  248.773225806452   51.492806451613
198901    1.942061290323  168.543225806452  449.953548387097  440.715161290323  248.783870967742   51.499193548387
198902    1.943107142857  168.556785714286  449.975714285714  440.730357142857  248.788214285714   51.500285714286
198903    1.935177419355  168.490645161290  449.893548387097  440.678709677419  248.775483870968   51.495677419355
198904    1.934033333333  168.537333333333  449.979333333333  440.739666666667  248.796000000000   51.497900000000
198905    1.938806451613  168.588709677419  450.050967741936  440.787741935484  248.807419354839   51.501451612903
198906    1.952110000000  168.516000000000  449.862666666667  440.642666666667  248.755000000000   51.498733333333
198907    1.941690322581  168.659354838710  450.162580645161  440.865161290323  248.830322580645   51.505612903226
198908    1.944754838710  168.540000000000  449.938064516129  440.702580645161  248.777096774194   51.499322580645
198909    1.943020000000  168.482666666667  449.843000000000  440.635666666667  248.758333333333   51.495933333333
198910    1.945732258065  168.640967741935  450.116451612903  440.826451612903  248.816774193548   51.505129032258
198911    1.951836666667  168.623333333333  450.059666666666  440.782000000000  248.798000000000   51.504866666667
198912    1.948387096774  168.629354838710  450.082903225806  440.801290322581  248.807096774194   51.504774193548
199001    1.944561290323  168.623548387097  450.088064516129  440.809677419355  248.810322580645   51.504096774194
199002    1.932621428571  168.545000000000  449.996785714286  440.754285714286  248.800357142857   51.498285714286
199003    1.932545161290  168.546129032258  450.001612903226  440.757419354839  248.801935483871   51.498451612903
199004    1.936726666667  168.604000000000  450.087000000000  440.813666666667  248.818000000000   51.502166666667
199005    1.932164516129  168.520645161290  449.957096774194  440.725161290323  248.793225806452   51.497000000000
199006    1.930553333333  168.570666666667  450.052333333333  440.796000000000  248.816333333333   51.499500000000
199007    1.932548387097  168.505483870968  449.929032258064  440.705161290323  248.786129032258   51.496193548387
199008    1.939822580645  168.455806451613  449.807419354839  440.613870967742  248.754193548387   51.494161290323
199009    1.936783333333  168.589666666667  450.060000000000  440.797333333333  248.811333333333   51.501333333333
199010    1.934583870968  168.544838709677  449.988064516129  440.746451612903  248.797419354839   51.498516129032
199011    1.920466666667  168.347000000000  449.695333333333  440.551000000000  248.745666666667   51.486000000000
199012    1.928641935484  168.482258064516  449.901612903226  440.690322580645  248.782903225806   51.494387096774
199101    1.935877419355  168.422258064516  449.764193548387  440.585483870968  248.746451612903   51.491838709677
199102    1.944557142857  168.500714285714  449.866785714286  440.650714285714  248.762500000000   51.497071428571
199103    1.938322580645  168.501935483871  449.898387096774  440.679677419355  248.774193548387   51.496612903226
199104    1.943110000000  168.658333333333  450.157666666667  440.859333333333  248.828333333333   51.505766666667
199105    1.933645161290  168.500000000000  449.914193548387  440.694838709677  248.781290322581   51.495967741935
199106    1.938396666667  168.511333333333  449.913333333333  440.689666666667  248.778333333333   51.496966666667
199107    1.945054838710  168.575806451613  450.001935483871  440.746774193548  248.791290322581   51.501387096774
199108    1.946451612903  168.572580645161  449.988387096774  440.737419354839  248.787741935484   51.501387096774
199109    1.938716666667  168.611000000000  450.093000000000  440.816666666667  248.818000000000   51.502766666667
199110    1.935577419355  168.442903225806  449.802903225806  440.613870967742  248.756129032258   51.493000000000
199111    1.928703333333  168.533666666667  449.995333333333  440.756333333333  248.804000000000   51.497300000000
199112    1.931393548387  168.389032258065  449.724516129032  440.560000000000  248.742258064516   51.489548387097
199201    1.940032258065  168.534838709677  449.947419354839  440.713225806452  248.784516129032   51.498612903226
199202    1.944303448276  168.520689655172  449.906896551724  440.680000000000  248.770344827586   51.498310344828
199203    1.930690322581  168.565806451613  450.043225806452  440.788387096774  248.812580645161   51.499225806452
199204    1.924916666667  168.520666666667  449.986000000000  440.753333333333  248.806000000000   51.496133333333
199205    1.909222580645  168.449354838710  449.927419354839  440.724838709677  248.805806451613   51.490580645161
199206    1.903906666667  168.413333333333  449.884000000000  440.697333333333  248.799333333333   51.487866666667
199207    1.906103225806  168.363870967742  449.786774193548  440.628064516129  248.776451612903   51.485387096774
199208    1.902396774194  168.351935483871  449.777741935484  440.625161290323  248.778709677419   51.484322580645
199209    1.900130000000  168.376333333333  449.832000000000  440.665666666667  248.791666666667   51.485366666667
199210    1.902900000000  168.328387096774  449.734838709677  440.593548387097  248.768064516129   51.483000000000
199211    1.909800000000  168.388000000000  449.814666666667  440.643666666667  248.779666666667   51.487133333333
199212    1.908490322581  168.419354838710  449.875806451613  440.688709677419  248.795161290323   51.488677419355
199301    1.902603225806  168.412258064516  449.886774193548  440.702580645161  248.802580645161   51.487645161290
199302    1.904560714286  168.325714285714  449.726071428571  440.585357142857  248.765357142857   51.483071428571
199303    1.906470967742  168.399032258064  449.846451612903  440.670322580645  248.790000000000   51.487322580645
199304    1.901290000000  168.381666666667  449.838333333333  440.668000000000  248.792666666667   51.485966666667
199305    1.897845161290  168.367096774194  449.825806451613  440.663548387097  248.792258064516   51.484645161290
199306    1.898003333333  168.365666666667  449.825000000000  440.661333333334  248.792333333333   51.484600000000
199307    1.894809677419  168.350322580645  449.809354838710  440.652258064516  248.791935483871   51.483322580645
199308    1.890425806452  168.330967741936  449.793870967742  440.645161290322  248.790967741935   51.481903225806
199309    1.883166666667  168.283000000000  449.737333333333  440.612666666667  248.785333333333   51.478366666667
199310    1.885800000000  168.251290322581  449.669677419355  440.562903225806  248.768387096774   51.476935483871
199311    1.885590000000  168.257333333333  449.683333333333  440.571333333333  248.771333333333   51.477266666667
199312    1.888816129032  168.297419354839  449.740000000000  440.610645161290  248.781290322581   51.479741935484
199401    1.892277419355  168.266451612903  449.670000000000  440.556451612903  248.763548387097   51.478451612903
199402    1.889503571429  168.316785714286  449.770714285714  440.631071428571  248.787857142857   51.481000000000
199403    1.887077419355  168.320645161290  449.789032258065  440.645161290323  248.793225806452   51.481000000000
199404    1.880220000000  168.272333333333  449.731000000000  440.610333333333  248.786333333333   51.477433333333
199405    1.879216129032  168.251612903226  449.698709677419  440.589354838710  248.780000000000   51.476290322581
199406    1.877730000000  168.247333333333  449.694666666667  440.587333333333  248.780666666667   51.475666666667
199407    1.879112903226  168.246129032258  449.690322580645  440.581935483871  248.779032258065   51.475838709677
199408    1.877893548387  168.247419354839  449.695161290323  440.586774193548  248.781290322581   51.475838709677
199409    1.877066666667  168.219333333333  449.650333333333  440.556000000000  248.772000000000   51.474066666667
199410    1.880235483871  168.238064516129  449.669032258064  440.566774193548  248.772580645161   51.475612903226
199411    1.879790000000  168.264000000000  449.718000000000  440.600666666667  248.783666666667   51.476933333333
199412    1.878629032258  168.232903225806  449.669032258065  440.567419354839  248.773870967742   51.475161290323
199501    1.879893548387  168.262903225806  449.715806451613  440.600000000000  248.783548387097   51.476741935484
199502    1.880539285714  168.260714285714  449.708571428571  440.593214285714  248.782142857143   51.476964285714
199503    1.880141935484  168.246451612903  449.686451612903  440.577741935484  248.776451612903   51.476000000000
199504    1.875666666667  168.223000000000  449.662666666667  440.566333333333  248.775333333333   51.474133333333
199505    1.874622580645  168.219677419355  449.661290322581  440.565483870968  248.777741935484   51.473838709677
199506    1.876036666667  168.233333333333  449.679333333333  440.578666666667  248.780000000000   51.474766666667
199507    1.874961290323  168.226451612903  449.670000000000  440.571935483871  248.778387096774   51.474354838710
199508    1.874251612903  168.227419354839  449.675161290323  440.575806451613  248.779677419355   51.474322580645
199509    1.873020000000  168.220666666667  449.668333333333  440.571666666667  248.779000000000   51.473666666667
199510    1.874019354839  168.208709677419  449.644193548387  440.554193548387  248.773870967742   51.473290322581
199511    1.872950000000  168.216333333333  449.662000000000  440.567000000000  248.778666666667   51.473566666667
199512    1.871135483871  168.204838709677  449.648709677419  440.560000000000  248.775483870968   51.472677419355
199601    1.872516129032  168.213225806452  449.658064516129  440.564516129032  248.777741935484   51.473322580645
199602    1.869848275862  168.199310344828  449.641724137931  440.555517241379  248.775862068965   51.472241379310
199603    1.869354838710  168.189677419355  449.629032258064  440.546774193548  248.772258064516   51.471677419355
199604    1.869146666667  168.193333333333  449.635000000000  440.553000000000  248.775000000000   51.471866666667
199605    1.870980645161  168.204193548387  449.648064516129  440.559354838710  248.775806451613   51.472548387097
199606    1.871346666667  168.203666666667  449.645666666667  440.557666666667  248.775333333333   51.472666666667
199607    1.871964516129  168.202580645161  449.643870967742  440.554516129032  248.773225806452   51.472774193548
199608    1.873306451613  168.211935483871  449.652903225806  440.561290322581  248.775483870968   51.473387096774
199609    1.871786666667  168.213333333333  449.662666666667  440.569333333333  248.778666666667   51.473300000000
199610    1.869896774194  168.199677419355  449.642903225806  440.557419354839  248.775483870968   51.472225806452
199611    1.871813333333  168.181666666667  449.605333333333  440.527333333333  248.767333333333   51.471366666667
199612    1.874087096774  168.226129032258  449.675161290323  440.575161290323  248.779032258065   51.474096774194
199701    1.872296774194  168.217741935484  449.667096774193  440.572258064516  248.780000000000   51.473516129032
199702    1.871742857143  168.213214285714  449.661785714286  440.568571428571  248.778928571429   51.473250000000
199703    1.872987096774  168.221612903226  449.670322580645  440.573548387097  248.779032258065   51.473806451613
199704    1.873446666667  168.222000000000  449.669666666667  440.572333333333  248.780000000000   51.474000000000
199705    1.875509677419  168.234193548387  449.683548387097  440.580645161290  248.780000000000   51.474838709677
199706    1.874326666667  168.229000000000  449.679333333333  440.578666666667  248.780333333333   51.474433333333
199707    1.873693548387  168.227419354839  449.677741935484  440.578387096774  248.780000000000   51.474258064516
199708    1.877600000000  168.248387096774  449.699677419355  440.589677419355  248.781290322581   51.475774193548
199709    1.883416666667  168.234333333333  449.651000000000  440.550000000000  248.766333333333   51.475700000000
199710    1.882390322581  168.290645161290  449.752903225806  440.624838709677  248.790322580645   51.478709677419
199711    1.885476666667  168.276666666667  449.716333333333  440.595000000000  248.778666666667   51.478266666667
199712    1.887038709677  168.288064516129  449.732258064516  440.605806451613  248.780645161290   51.479193548387
199801    1.886525806452  168.307419354839  449.766451612903  440.630000000000  248.789354838710   51.480096774194
199802    1.885067857143  168.291428571429  449.745357142857  440.617500000000  248.786785714286   51.479071428571
199803    1.888816129032  168.278709677419  449.705806451613  440.585483870968  248.774193548387   51.478612903226
199804    1.894276666667  168.348666666667  449.807333333333  440.652666666667  248.791333333333   51.483066666667
199805    1.892629032258  168.327419354839  449.777741935484  440.631612903226  248.786774193548   51.481935483871
199806    1.895253333333  168.341666666667  449.793333333333  440.642333333333  248.787666666667   51.483033333333
199807    1.902638709677  168.398387096774  449.863548387097  440.684193548387  248.796774193548   51.487000000000
199808    1.906006451613  168.370000000000  449.799354838710  440.635483870968  248.780000000000   51.485677419355
199809    1.907040000000  168.370000000000  449.794000000000  440.632333333333  248.778000000000   51.485800000000
199810    1.902248387097  168.419032258065  449.901290322581  440.712580645161  248.805806451613   51.487935483871
199811    1.907450000000  168.416666666667  449.874000000000  440.688333333333  248.795333333333   51.488400000000
199812    1.913067741935  168.447419354839  449.905483870968  440.706129032258  248.797096774194   51.490838709677
199901    1.909125806452  168.463548387097  449.951290322581  440.741935483871  248.811290322581   51.491225806452
199902    1.906710714286  168.405357142857  449.858214285714  440.677857142857  248.792500000000   51.487750000000
199903    1.905312903226  168.428387096774  449.904838709677  440.712258064516  248.803225806452   51.488806451613
199904    1.900020000000  168.396000000000  449.869000000000  440.691333333333  248.800333333333   51.486466666667
199905    1.912858064516  168.448387096774  449.909354838710  440.709677419355  248.798387096774   51.490838709677
199906    1.922770000000  168.472666666667  449.908666666667  440.700000000000  248.790333333333   51.493200000000
199907    1.922561290323  168.489032258064  449.938709677419  440.720967741935  248.797096774194   51.494000000000
199908    1.922280645161  168.487741935484  449.941290322581  440.722903225806  248.796774193548   51.494096774194
199909    1.912906666667  168.494333333333  449.989333333333  440.766333333333  248.816000000000   51.493400000000
199910    1.917432258065  168.413548387097  449.826129032258  440.646129032258  248.776451612903   51.489419354839
199911    1.926856666667  168.471000000000  449.890000000000  440.683000000000  248.781333333333   51.493500000000
199912    1.921800000000  168.463548387097  449.900000000000  440.694516129032  248.790000000000   51.492645161290
200001    1.923206451613  168.543870967742  450.030322580645  440.787096774194  248.817096774194   51.497000000000
200002    1.928500000000  168.534137931034  449.991379310345  440.755862068965  248.804137931034   51.497034482759
200003    1.937096774194  168.518387096774  449.927419354839  440.701612903226  248.782258064516   51.497161290323
200004    1.937120000000  168.554000000000  449.994333333333  440.749000000000  248.797333333333   51.499166666667
200005    1.929751612903  168.477419354839  449.883225806452  440.676774193548  248.778709677419   51.493903225806
200006    1.931636666667  168.500333333333  449.917333333333  440.699666666667  248.784666666667   51.495433333333
200007    1.942309677419  168.549032258065  449.960645161290  440.720322580645  248.785483870968   51.499451612903
200008    1.935506451613  168.624516129032  450.122258064516  440.841935483871  248.826451612903   51.502870967742
200009    1.934910000000  168.523333333333  449.946333333333  440.717666666667  248.787333333333   51.497100000000
200010    1.934248387097  168.620967741935  450.124193548387  440.843225806452  248.828387096774   51.502451612903
200011    1.938670000000  168.614333333333  450.094333333333  440.818333333333  248.817666666667   51.502666666667
200012    1.934322580645  168.615483870968  450.113548387097  440.835806451613  248.825483870968   51.502161290323
200101    1.928119354839  168.565483870968  450.050967741936  440.798064516129  248.817419354839   51.498774193548
200102    1.923942857143  168.571785714286  450.080000000000  440.820000000000  248.828214285714   51.498750000000
200103    1.925361290323  168.479677419355  449.906129032258  440.697741935484  248.788064516129   51.493516129032
200104    1.928473333333  168.497333333333  449.926333333333  440.707666666667  248.789000000000   51.494966666667
200105    1.919119354839  168.491290322581  449.952580645161  440.735161290323  248.803870967742   51.493580645161
200106    1.928503333333  168.507000000000  449.943000000000  440.719666666667  248.793666666667   51.495433333333
200107    1.921403225806  168.540645161290  450.031290322581  440.788387096774  248.820000000000   51.496612903226
200108    1.922761290323  168.481612903226  449.923225806452  440.710322580645  248.794193548387   51.493548387097
200109    1.941200000000  168.486000000000  449.853000000000  440.645333333333  248.762666666667   51.495800000000
200110    1.946887096774  168.611290322581  450.052903225807  440.781612903226  248.801290322581   51.503290322581
200111    1.941136666667  168.534333333333  449.939333333333  440.706666666667  248.781666666667   51.498500000000
200112    1.952987096774  168.639354838710  450.079354838710  440.795161290323  248.803225806452   51.505645161290
200201    1.958690322581  168.744838709677  450.243548387097  440.906451612903  248.833548387097   51.512193548387
200202    1.951767857143  168.701428571429  450.193571428571  440.878214285714  248.828928571429   51.509035714286
200203    1.940812903226  168.640967741935  450.132258064516  440.844193548387  248.824193548387   51.504322580645
200204    1.940603333333  168.561666666667  449.989333333333  440.743000000000  248.793000000000   51.499933333333
200205    1.938338709677  168.556129032258  449.991935483871  440.745483870968  248.795161290323   51.499387096774
200206    1.929276666667  168.547333333333  450.012000000000  440.770000000000  248.807666666667   51.497933333333
200207    1.926825806452  168.429032258065  449.810322580645  440.627419354839  248.766451612903   51.490903225806
200208    1.932174193548  168.468709677419  449.859354838710  440.658064516129  248.772258064516   51.493870967742
200209    1.934366666667  168.507666666667  449.919666666667  440.698333333333  248.784000000000   51.496233333333
200210    1.930061290323  168.513548387097  449.948387096774  440.723225806452  248.793225806452   51.496161290323
200211    1.926936666667  168.490666666667  449.919666666667  440.705666666667  248.789000000000   51.494466666667
200212    1.928477419355  168.566451612903  450.048709677419  440.795806451613  248.816774193548   51.498903225806
200301    1.920035483871  168.510645161290  449.985483870968  440.758387096774  248.810000000000   51.494774193548
200302    1.909342857143  168.476785714286  449.970000000000  440.754642857143  248.815714285714   51.491750000000
200303    1.908929032258  168.398709677419  449.831935483871  440.658064516129  248.785161290323   51.487387096774
200304    1.908613333333  168.404666666667  449.841333333333  440.665000000000  248.788333333333   51.487466666667
200305    1.904035483871  168.384193548387  449.826129032258  440.658387096774  248.788709677419   51.486064516129
200306    1.905780000000  168.369666666667  449.791666666667  440.632000000000  248.780000000000   51.485233333333
200307    1.911025806452  168.414193548387  449.848064516129  440.668064516129  248.786774193548   51.488322580645
200308    1.908512903226  168.415161290323  449.862258064516  440.680322580645  248.792258064516   51.488225806452
200309    1.905443333333  168.428333333333  449.898666666667  440.708666666667  248.803333333333   51.488466666667
200310    1.908564516129  168.258064516129  449.581290322581  440.478387096774  248.730967741935   51.479322580645
200311    1.910680000000  168.402333333333  449.829666666667  440.655000000000  248.783333333333   51.487633333333
200312    1.903896774194  168.410645161290  449.871935483871  440.691290322581  248.798387096774   51.487354838710
200401    1.899719354839  168.360322580645  449.800967741935  440.644516129032  248.785483870968   51.484129032258
200402    1.897524137931  168.353793103448  449.795862068966  440.642758620690  248.787241379310   51.483448275862
200403    1.898348387097  168.362580645161  449.810645161290  440.651935483871  248.790000000000   51.484225806452
200404    1.896720000000  168.369333333333  449.830333333333  440.667666666667  248.794666666667   51.484300000000
200405    1.893890322581  168.332258064516  449.775483870968  440.630967741935  248.786451612903   51.481903225806
200406    1.893403333333  168.329333333333  449.770000000000  440.627333333333  248.785333333333   51.481700000000
200407    1.895535483871  168.275483870968  449.667096774194  440.551612903226  248.760000000000   51.478903225806
200408    1.895512903226  168.307741935484  449.723870967742  440.592903225806  248.772903225806   51.480677419355
200409    1.894550000000  168.349333333333  449.799666666667  440.648000000000  248.790000000000   51.482866666667
200410    1.896483870968  168.356451612903  449.808709677419  440.650967741936  248.790645161290   51.483580645161
200411    1.896740000000  168.332666666667  449.763333333333  440.620666666667  248.780333333333   51.482166666667
200412    1.892670967742  168.357096774194  449.825161290323  440.667096774193  248.798387096774   51.483193548387
200501    1.890000000000  168.270000000000  449.680322580645  440.566451612903  248.767419354839   51.478096774194
200502    1.888796428571  168.301785714286  449.740000000000  440.609642857143  248.782500000000   51.479535714286
200503    1.885612903226  168.286129032258  449.724838709677  440.603225806452  248.781612903226   51.478387096774
200504    1.884823333333  168.281333333333  449.720666666667  440.599333333333  248.782333333333   51.478166666667
200505    1.889938709677  168.284516129032  449.705483870968  440.584516129032  248.774193548387   51.478741935484
200506    1.887476666667  168.270333333333  449.689666666667  440.576333333333  248.771666666667   51.477733333333
200507    1.889154838710  168.285483870968  449.710000000000  440.589032258065  248.775806451613   51.478806451613
200508    1.888245161290  168.299354838710  449.737741935484  440.609677419355  248.782258064516   51.479419354839
200509    1.884933333333  168.263333333333  449.688666666667  440.576666666667  248.773666666667   51.476966666667
200510    1.879919354839  168.273225806452  449.726774193548  440.608064516129  248.787741935484   51.476935483871
200511    1.881523333333  168.252666666667  449.683333333333  440.576000000000  248.776000000000   51.476066666667
200512    1.885212903226  168.276129032258  449.711290322581  440.592903225806  248.778709677419   51.477741935484
200601    1.881906451613  168.279354838710  449.730000000000  440.608387096774  248.786451612903   51.477580645161
200602    1.878628571429  168.267500000000  449.720714285714  440.608214285714  248.787500000000   51.476678571429
200603    1.876370967742  168.243870967742  449.686774193548  440.583225806452  248.780000000000   51.475000000000
200604    1.884080000000  168.263000000000  449.692666666667  440.581000000000  248.775666666667   51.476966666667
200605    1.882967741935  168.287096774194  449.739354838710  440.614516129032  248.788709677419   51.478096774194
200606    1.879933333333  168.261666666667  449.705666666667  440.593666666667  248.783000000000   51.476433333333
200607    1.880322580645  168.259354838710  449.700000000000  440.589032258065  248.780000000000   51.476387096774
200608    1.879406451613  168.231935483871  449.655483870968  440.559677419355  248.771612903226   51.474677419355
200609    1.879796666667  168.262666666667  449.709333333333  440.595666666667  248.783000000000   51.476533333333
200610    1.877616129032  168.254516129032  449.704838709678  440.595161290323  248.783870967742   51.475935483871
200611    1.881130000000  168.234666666667  449.652666666667  440.554333333333  248.769000000000   51.474966666667
200612    1.878345161290  168.230967741935  449.657096774193  440.559677419355  248.772903225806   51.474516129032
200701    1.878825806452  168.233870967742  449.660322580645  440.562903225806  248.774193548387   51.474806451613
200702    1.875835714286  168.226785714286  449.660357142857  440.565357142857  248.776071428571   51.474035714286
200703    1.874606451613  168.232580645161  449.676774193548  440.577419354839  248.780000000000   51.474193548387
200704    1.874650000000  168.226333333333  449.663666666667  440.568333333333  248.777333333333   51.473833333333
200705    1.875922580645  168.222903225806  449.651935483871  440.559354838710  248.774193548387   51.473741935484
200706    1.877640000000  168.241666666667  449.680666666667  440.578333333333  248.779000000000   51.475066666667
200707    1.877267741935  168.237741935484  449.674516129032  440.572903225806  248.776451612903   51.474741935484
200708    1.875138709677  168.234516129032  449.678387096774  440.577741935484  248.780322580645   51.474290322581
200709    1.872913333333  168.220333333333  449.662333333333  440.568666666667  248.779333333333   51.473300000000
200710    1.873593548387  168.227741935484  449.672258064516  440.574193548387  248.780000000000   51.473774193548
200711    1.870846666667  168.206000000000  449.644333333333  440.557666666667  248.776666666667   51.472266666667
200712    1.874183870968  168.220000000000  449.654193548387  440.562903225806  248.775483870968   51.473387096774
200801    1.872877419355  168.221290322581  449.663548387097  440.570322580645  248.778064516129   51.473290322581
200802    1.873627586207  168.227241379310  449.669655172414  440.574137931034  248.780000000000   51.473827586207
200803    1.873780645161  168.213225806452  449.645483870968  440.556129032258  248.774838709677   51.473032258064
200804    1.872973333333  168.221333333333  449.663000000000  440.569333333333  248.778666666667   51.473300000000
200805    1.872912903226  168.221290322581  449.663870967742  440.569354838710  248.779677419355   51.473419354839
200806    1.871210000000  168.208000000000  449.647000000000  440.560000000000  248.778000000000   51.472433333333
200807    1.871061290323  168.207419354839  449.646129032258  440.559677419355  248.778387096774   51.472483870968
200808    1.870500000000  168.203548387097  449.641612903226  440.556451612903  248.776774193548   51.472161290323
200809    1.870840000000  168.205333333333  449.644000000000  440.557666666667  248.776333333333   51.472466666667
200810    1.871412903226  168.210000000000  449.647419354839  440.559354838709  248.777419354839   51.472677419355
200811    1.872780000000  168.219666666667  449.659666666667  440.567333333333  248.779333333333   51.473233333333
200812    1.871848387097  168.214193548387  449.654838709677  440.563548387097  248.779032258064   51.472967741935
200901    1.871729032258  168.210967741935  449.652903225806  440.561935483871  248.778387096774   51.472903225806
200902    1.870914285714  168.206785714286  449.644285714286  440.557500000000  248.776785714286   51.472357142857
200903    1.871512903226  168.211290322581  449.651612903226  440.562580645161  248.778709677419   51.472838709677
200904    1.871760000000  168.213333333333  449.654000000000  440.563333333333  248.779000000000   51.472900000000
200905    1.873703225806  168.228387096774  449.671935483871  440.575483870968  248.780967741935   51.473935483871
200906    1.873453333333  168.225000000000  449.667666666667  440.572333333333  248.779333333333   51.473666666667
200907    1.872345161290  168.213870967742  449.652258064516  440.561935483871  248.777419354839   51.472838709677
200908    1.872774193548  168.220645161290  449.665483870968  440.568387096774  248.779677419355   51.473645161290
200909    1.873393333333  168.223666666667  449.665333333333  440.569333333333  248.779333333333   51.473566666667
200910    1.873735483871  168.221935483871  449.661612903226  440.567096774193  248.777096774194   51.473612903226
200911    1.874360000000  168.232333333333  449.676666666667  440.578666666667  248.780666666667   51.474233333333
200912    1.875683870968  168.235806451613  449.677741935484  440.578064516129  248.780000000000   51.474612903226
201001    1.878003225806  168.245483870968  449.685483870968  440.580000000000  248.779354838710   51.475258064516
201002    1.881600000000  168.273928571429  449.720000000000  440.602857142857  248.783571428571   51.477285714286
201003    1.881693548387  168.268709677419  449.711290322581  440.595483870968  248.781935483871   51.476967741935
201004    1.880336666667  168.276666666667  449.731333333333  440.610666666667  248.787666666667   51.477333333333
201005    1.879358064516  168.269354838710  449.721935483871  440.605806451613  248.786774193548   51.476677419355
201006    1.878410000000  168.258666666667  449.708666666666  440.596666666667  248.784666666667   51.476233333333
201007    1.883206451613  168.289354838710  449.742903225806  440.617741935484  248.787419354839   51.478290322581
201008    1.883719354839  168.286774193548  449.736129032258  440.610967741935  248.785161290323   51.478290322581
201009    1.885616666667  168.290666666667  449.735333333333  440.609666666667  248.783666666667   51.478700000000
201010    1.883012903226  168.268709677419  449.707419354839  440.591612903226  248.780322580645   51.477129032258
201011    1.883476666667  168.289333333333  449.741000000000  440.615666666667  248.786333333333   51.478400000000
201012    1.883612903226  168.281935483871  449.727419354839  440.605806451613  248.783225806452   51.477935483871
201101    1.882254838710  168.277419354839  449.723548387097  440.604193548387  248.785161290323   51.477645161290
201102    1.885546428571  168.288214285714  449.731071428571  440.606785714286  248.783928571429   51.478535714286
201103    1.894554838710  168.310322580645  449.733225806452  440.601612903226  248.776451612903   51.480774193548
201104    1.901833333333  168.390333333333  449.845333333333  440.675333333333  248.794666666667   51.486000000000
201105    1.895509677419  168.375161290323  449.844193548387  440.678064516129  248.800322580645   51.484548387097
201106    1.896136666667  168.369333333333  449.833000000000  440.669333333333  248.796333333333   51.484266666667
201107    1.893732258065  168.349032258065  449.804516129032  440.652580645161  248.791935483871   51.482838709677
201108    1.895929032258  168.343225806452  449.786451612903  440.637419354839  248.786774193548   51.482806451613
201109    1.905730000000  168.367666666667  449.787666666667  440.628333333333  248.778333333333   51.485133333333
201110    1.912725806452  168.423548387097  449.859677419355  440.673225806452  248.788064516129   51.489064516129
201111    1.920696666667  168.468333333333  449.907000000000  440.701000000000  248.791333333333   51.492466666667
201112    1.917877419355  168.491612903226  449.961290322581  440.740322580645  248.806129032258   51.493516129032
201201               NaN               NaN               NaN               NaN               NaN               NaN
201202               NaN               NaN               NaN               NaN               NaN               NaN
201203               NaN               NaN               NaN               NaN               NaN               NaN
201204               NaN               NaN               NaN               NaN               NaN               NaN
201205               NaN               NaN               NaN               NaN               NaN               NaN
201206               NaN               NaN               NaN               NaN               NaN               NaN
201207               NaN               NaN               NaN               NaN               NaN               NaN
201208               NaN               NaN               NaN               NaN               NaN               NaN
201209               NaN               NaN               NaN               NaN               NaN               NaN
201210               NaN               NaN               NaN               NaN               NaN               NaN
201211               NaN               NaN               NaN               NaN               NaN               NaN
201212               NaN               NaN               NaN               NaN               NaN               NaN
