197501    1.890825806452  168.420322580645  449.773870967742  440.663870967742  248.772903225806   51.480903225806
197502    1.888860714286  168.401785714286  449.770000000000  440.659285714286  248.775714285714   51.480321428571
197503    1.887790322581  168.390967741936  449.766451612903  440.653548387097  248.777741935484   51.479967741935
197504    1.887453333333  168.391666666667  449.772333333333  440.658000000000  248.779666666667   51.480166666667
197505    1.886190322581  168.371612903226  449.751612903226  440.642580645161  248.776129032258   51.479193548387
197506    1.887516666667  168.386333333333  449.756666666667  440.650000000000  248.775666666667   51.479733333333
197507    1.894445161290  168.447741935484  449.768387096774  440.663225806452  248.766129032258   51.481387096774
197508    1.900041935484  168.473225806452  449.732580645161  440.645161290323  248.750000000000   51.481516129032
197509    1.894646666667  168.470000000000  449.815666666667  440.695666666667  248.776666666667   51.482800000000
197510    1.891222580645  168.427741935484  449.782903225807  440.669677419355  248.774193548387   51.481129032258
197511    1.892533333333  168.431333333333  449.768666666667  440.661333333333  248.769666666667   51.481000000000
197512    1.889019354839  168.408709677419  449.778709677420  440.665161290323  248.778064516129   51.480548387097
197601    1.888103225806  168.389032258065  449.756774193548  440.647419354839  248.775161290323   51.479645161290
197602    1.886896551724  168.386551724138  449.768620689655  440.655172413793  248.779655172414   51.479896551724
197603    1.890054838710  168.392580645161  449.730645161290  440.633548387097  248.765806451613   51.479483870968
197604    1.890943333333  168.403000000000  449.733000000000  440.636000000000  248.764000000000   51.479700000000
197605    1.888370967742  168.397419354839  449.767741935484  440.654838709677  248.775806451613   51.480161290323
197606    1.887703333333  168.388333333333  449.762333333333  440.650666666666  248.774666666667   51.479766666667
197607    1.887222580645  168.391290322581  449.775161290323  440.658387096774  248.779677419355   51.480064516129
197608    1.890538709677  168.406129032258  449.747741935484  440.646451612903  248.768387096774   51.480096774194
197609    1.889293333333  168.401666666667  449.762666666667  440.653000000000  248.772666666667   51.480133333333
197610    1.889093548387  168.398387096774  449.760645161290  440.651612903226  248.772903225806   51.479967741935
197611    1.887533333333  168.388666666667  449.768333333333  440.653666666666  248.776666666667   51.479766666667
197612    1.888764516129  168.394193548387  449.758709677419  440.649677419355  248.771612903226   51.479838709677
197701    1.889451612903  168.410000000000  449.773870967742  440.661612903226  248.774516129032   51.480483870968
197702    1.891842857143  168.428214285714  449.776071428571  440.664285714286  248.771428571429   51.481000000000
197703    1.890254838710  168.431290322581  449.807096774193  440.683225806452  248.779354838710   51.481645161290
197704    1.893213333333  168.457000000000  449.811000000000  440.689333333333  248.776333333333   51.482300000000
197705    1.895935483871  168.492580645161  449.838064516129  440.711935483871  248.778387096774   51.483709677419
197706    1.901173333333  168.506000000000  449.783333333333  440.680000000000  248.759000000000   51.483266666667
197707    1.901596774194  168.555806451613  449.870322580645  440.738709677419  248.774516129032   51.485870967742
197708    1.903612903226  168.573870967742  449.873870967742  440.743870967742  248.772903225806   51.486258064516
197709    1.902010000000  168.506666666667  449.774333333333  440.673333333333  248.754666666667   51.483133333333
197710    1.900100000000  168.500645161290  449.788064516129  440.681290322581  248.760967741936   51.483129032258
197711    1.911790000000  168.680333333333  449.948666666667  440.803333333333  248.775666666667   51.490200000000
197712    1.916364516129  168.708387096774  449.932580645161  440.798064516129  248.765161290323   51.490483870968
197801    1.918496774194  168.735161290323  449.955161290323  440.815483870968  248.766774193548   51.491774193548
197802    1.933900000000  168.805357142857  449.846428571429  440.757857142857  248.717857142857   51.491785714286
197803    1.927309677419  168.765483870968  449.884516129032  440.775806451613  248.738064516129   51.491451612903
197804    1.924140000000  168.724666666667  449.859666666667  440.752666666667  248.737000000000   51.489966666667
197805    1.927070967742  168.760967741935  449.889354838710  440.777741935484  248.739354838710   51.491548387097
197806    1.931903333333  168.837333333333  449.964666666667  440.835333333333  248.749666666667   51.494700000000
197807    1.930545161290  168.843548387097  449.994193548387  440.853870967742  248.757419354839   51.495258064516
197808    1.923109677419  168.794516129032  450.008064516129  440.855806451613  248.771935483871   51.494193548387
197809    1.933320000000  168.776000000000  449.806666666667  440.730333333333  248.711333333333   51.490466666667
197810    1.933241935484  168.814838709677  449.895483870968  440.790000000000  248.731935483871   51.492967741935
197811    1.929463333333  168.777666666667  449.879666666667  440.774666666667  248.734666666667   51.491933333333
197812    1.936787096774  168.758064516129  449.725161290323  440.680322580645  248.689032258064   51.488709677419
197901    1.957774193548  168.956451612903  449.822258064516  440.765483870968  248.681290322581   51.495677419355
197902    1.961071428571  169.053571428571  449.959642857143  440.861428571428  248.705000000000   51.500571428571
197903    1.962435483871  169.140000000000  450.093548387097  440.955161290323  248.731290322581   51.504774193548
197904    1.948183333333  168.972333333333  449.961000000000  440.851666666667  248.722333333333   51.498066666667
197905    1.944274193548  168.956129032258  449.975483870968  440.858709677419  248.729032258065   51.497935483871
197906    1.945813333333  168.869666666667  449.796000000000  440.738000000000  248.689333333333   51.492800000000
197907    1.944541935484  168.899354838710  449.899032258064  440.804838709677  248.717741935484   51.495322580645
197908    1.946770967742  168.912903225806  449.899354838710  440.806129032258  248.715161290323   51.495806451613
197909    1.954796666667  168.954333333333  449.851666666667  440.784000000000  248.691000000000   51.496133333333
197910    1.956887096774  168.972580645161  449.828387096774  440.773870967742  248.679677419355   51.495967741935
197911    1.959946666667  168.971333333333  449.766333333333  440.736333333333  248.660000000000   51.494833333333
197912    1.952683870968  168.989032258064  449.948387096774  440.847741935484  248.716451612903   51.498580645161
198001    1.953835483871  168.954193548387  449.900000000000  440.812580645161  248.708064516129   51.497000000000
198002    1.948513793103  168.874827586207  449.812758620690  440.750000000000  248.695172413793   51.493517241379
198003    1.942438709677  168.926129032258  449.989354838710  440.864516129032  248.740645161290   51.497580645161
198004    1.944960000000  168.833000000000  449.740333333333  440.701333333333  248.679666666667   51.491000000000
198005    1.953970967742  168.908387096774  449.741935483871  440.710967741936  248.664838709677   51.493064516129
198006    1.947450000000  168.933000000000  449.912000000000  440.817000000000  248.713666666667   51.496333333333
198007    1.946809677419  168.928387096774  449.914516129032  440.816774193548  248.716774193548   51.496354838710
198008    1.940722580645  168.875161290323  449.923548387097  440.816451612903  248.731612903226   51.495322580645
198009    1.944236666667  168.876000000000  449.861000000000  440.778333333333  248.709666666667   51.494133333333
198010    1.947077419355  168.916774193548  449.852903225806  440.779677419355  248.698709677419   51.494870967742
198011    1.946310000000  168.857333333333  449.754333333333  440.711333333333  248.678333333333   51.491766666667
198012    1.955574193548  168.980000000000  449.833870967742  440.779032258065  248.679354838710   51.496225806452
198101    1.939977419355  168.932903225806  450.007419354839  440.874838709677  248.745161290323   51.497870967742
198102    1.944585714286  168.839642857143  449.771428571429  440.720357142857  248.688571428571   51.491571428571
198103    1.950067741935  168.946451612903  449.886451612903  440.805806451613  248.704193548387   51.496419354839
198104    1.957016666667  169.030666666667  449.919333333333  440.837333333333  248.697000000000   51.498833333333
198105    1.946887096774  168.944838709677  449.902580645161  440.814193548387  248.708709677419   51.496451612903
198106    1.933146666667  168.834000000000  449.915666666667  440.807333333333  248.736666666667   51.493833333333
198107    1.941316129032  168.740322580645  449.640000000000  440.625161290323  248.665483870968   51.486967741935
198108    1.954325806452  168.907741935484  449.758709677419  440.721290322581  248.670967741935   51.493258064516
198109    1.961853333333  169.026333333333  449.857000000000  440.799333333333  248.679000000000   51.497933333333
198110    1.958080645161  168.951290322581  449.769354838710  440.734838709677  248.665806451613   51.494580645161
198111    1.951826666667  168.940000000000  449.862333333333  440.790333333333  248.699333333333   51.496133333333
198112    1.952554838710  168.930000000000  449.837096774194  440.773548387097  248.691935483871   51.495322580645
198201    1.942787096774  168.897096774194  449.920000000000  440.818709677419  248.724838709677   51.495838709677
198202    1.946642857143  168.775357142857  449.608571428571  440.613928571429  248.650357142857   51.487571428571
198203    1.945574193548  168.784516129032  449.619032258064  440.621290322581  248.650322580645   51.487806451613
198204    1.932030000000  168.741000000000  449.759666666667  440.701000000000  248.705666666667   51.488966666667
198205    1.930432258065  168.770967741935  449.853548387097  440.763870967742  248.729677419355   51.491548387097
198206    1.931843333333  168.675333333333  449.627666666667  440.613333333333  248.675333333333   51.485266666667
198207    1.932667741935  168.753548387097  449.774516129032  440.713870967742  248.708064516129   51.489935483871
198208    1.939193548387  168.806129032258  449.780645161290  440.723225806452  248.699354838710   51.491322580645
198209    1.943663333333  168.874333333333  449.871000000000  440.786666666667  248.713000000000   51.494566666667
198210    1.944400000000  168.903548387097  449.915161290323  440.819354838710  248.724193548387   51.496064516129
198211    1.939800000000  168.835333333333  449.851333333333  440.771666666667  248.717000000000   51.493333333333
198212    1.949496774194  168.904516129032  449.812903225806  440.757741935484  248.689677419355   51.494161290323
198301    1.931154838710  168.788709677419  449.884193548387  440.781935483871  248.734516129032   51.492483870968
198302    1.921682142857  168.691428571429  449.851428571428  440.748214285714  248.744285714286   51.489428571429
198303    1.919129032258  168.666774193548  449.836129032258  440.736774193548  248.743870967742   51.488483870968
198304    1.921013333333  168.691666666667  449.856666666667  440.751333333333  248.746000000000   51.489433333333
198305    1.923967741935  168.691935483871  449.793225806452  440.713225806452  248.724193548387   51.488322580645
198306    1.927336666667  168.704666666667  449.766666666667  440.701666666667  248.715000000000   51.488333333333
198307    1.923416129032  168.723225806452  449.870645161290  440.765161290323  248.742903225806   51.490419354839
198308    1.925067741935  168.753225806452  449.902258064516  440.789032258064  248.748387096774   51.491838709677
198309    1.917006666667  168.677666666667  449.878333333333  440.763000000000  248.754666666667   51.489166666667
198310    1.915348387097  168.638064516129  449.826451612903  440.727096774194  248.748387096774   51.487548387097
198311    1.909043333333  168.613666666667  449.887333333333  440.759000000000  248.773333333333   51.487900000000
198312    1.906819354839  168.590000000000  449.863870967742  440.741935483871  248.770000000000   51.486870967742
198401    1.908603225806  168.512903225806  449.669677419355  440.613225806452  248.720000000000   51.481387096774
198402    1.919168965517  168.589655172414  449.670344827586  440.624482758621  248.706551724138   51.483551724138
198403    1.920661290323  168.690322580645  449.847741935484  440.745806451613  248.745161290323   51.489161290323
198404    1.916486666667  168.565333333333  449.662666666667  440.617666666667  248.707000000000   51.482966666667
198405    1.913232258065  168.554838709677  449.682258064516  440.627096774194  248.715806451613   51.482870967742
198406    1.907480000000  168.563000000000  449.798000000000  440.699333333333  248.752333333333   51.485100000000
198407    1.903000000000  168.550322580645  449.834516129032  440.719354838710  248.766774193548   51.485258064516
198408    1.896596774194  168.481935483871  449.800645161290  440.688387096774  248.769354838710   51.482870967742
198409    1.892733333333  168.445666666667  449.791333333333  440.678333333333  248.774333333333   51.481833333333
198410    1.888961290323  168.399032258065  449.765161290323  440.655483870968  248.776129032258   51.480322580645
198411    1.888173333333  168.384333333333  449.739333333333  440.637666666667  248.769333333333   51.479400000000
198412    1.888296774194  168.405483870968  449.769677419355  440.658709677419  248.775483870968   51.480387096774
198501    1.886590322581  168.368709677419  449.737096774194  440.634193548387  248.772258064516   51.478935483871
198502    1.888139285714  168.393928571429  449.759642857143  440.651428571428  248.775000000000   51.479928571429
198503    1.888235483871  168.394838709677  449.763548387097  440.653548387097  248.775161290323   51.480000000000
198504    1.889203333333  168.383333333333  449.729000000000  440.631333333333  248.766000000000   51.479133333333
198505    1.891448387097  168.402258064516  449.727741935484  440.632903225806  248.761612903226   51.479516129032
198506    1.891376666667  168.421333333333  449.762000000000  440.656333333333  248.769333333333   51.480666666667
198507    1.892161290323  168.419354838710  449.743548387097  440.645161290322  248.764516129032   51.480290322581
198508    1.891325806452  168.429677419355  449.788064516129  440.673548387097  248.776129032258   51.481387096774
198509    1.889313333333  168.406333333333  449.778666666667  440.663333333333  248.778666666667   51.480633333333
198510    1.890174193548  168.395806451613  449.745806451613  440.642258064516  248.770645161290   51.479838709677
198511    1.888930000000  168.402000000000  449.764000000000  440.655000000000  248.773333333333   51.480200000000
198512    1.889409677419  168.416129032258  449.779354838710  440.667419354839  248.776451612903   51.480741935484
198601    1.888700000000  168.409032258064  449.780000000000  440.665483870968  248.778387096774   51.480580645161
198602    1.893800000000  168.422857142857  449.735357142857  440.640714285714  248.760000000000   51.480250000000
198603    1.892319354839  168.427419354839  449.772580645161  440.663870967742  248.772580645161   51.481193548387
198604    1.891520000000  168.414666666667  449.760000000000  440.654000000000  248.770333333333   51.480433333333
198605    1.890567741935  168.432903225806  449.797096774194  440.678709677419  248.779032258065   51.481387096774
198606    1.886996666667  168.396666666667  449.774333333333  440.660666666667  248.779333333333   51.480166666667
198607    1.888180645161  168.401935483871  449.767096774194  440.658064516129  248.775161290323   51.480225806452
198608    1.886074193548  168.378387096774  449.754193548387  440.645483870968  248.775483870968   51.479322580645
198609    1.887196666667  168.382000000000  449.765333333334  440.652333333333  248.779000000000   51.479766666667
198610    1.892245161290  168.414193548387  449.750322580645  440.647741935484  248.765483870968   51.480387096774
198611    1.891500000000  168.421666666667  449.779000000000  440.666666666667  248.775333333333   51.480966666667
198612    1.888125806452  168.390322580645  449.772258064516  440.657741935484  248.780000000000   51.480064516129
198701    1.886725806452  168.378387096774  449.760645161290  440.650000000000  248.777741935484   51.479483870968
198702    1.885485714286  168.365357142857  449.759642857143  440.646071428571  248.780000000000   51.479214285714
198703    1.886119354839  168.374838709677  449.755483870968  440.645483870968  248.775806451613   51.479290322581
198704    1.890010000000  168.379333333333  449.702333333333  440.614666666667  248.758333333333   51.478566666667
198705    1.892122580645  168.424193548387  449.748709677419  440.648064516129  248.762903225806   51.480387096774
198706    1.891050000000  168.442666666667  449.803000000000  440.683666666667  248.776333333333   51.481800000000
198707    1.893248387097  168.450322580645  449.788709677419  440.676451612903  248.772258064516   51.481838709677
198708    1.894854838710  168.436451612903  449.747741935484  440.647741935484  248.760000000000   51.480774193548
198709    1.893873333333  168.444666666667  449.785000000000  440.672000000000  248.771000000000   51.481666666667
198710    1.897561290323  168.468064516129  449.765483870968  440.663548387097  248.759354838710   51.481903225806
198711    1.900040000000  168.507000000000  449.801000000000  440.689666666667  248.763333333333   51.483333333333
198712    1.898045161290  168.498709677419  449.818709677419  440.699354838710  248.771290322581   51.483612903226
198801    1.904167741935  168.556774193548  449.828064516129  440.713870967742  248.761290322581   51.485096774194
198802    1.906462068966  168.583448275862  449.847586206897  440.727931034483  248.762068965517   51.486137931034
198803    1.908532258065  168.565483870968  449.774516129032  440.682580645161  248.743870967742   51.484451612903
198804    1.914833333333  168.630333333333  449.806333333333  440.709666666667  248.739333333333   51.486600000000
198805    1.916467741935  168.704516129032  449.925483870968  440.792903225807  248.763548387097   51.490580645161
198806    1.923343333333  168.670000000000  449.758333333333  440.686000000000  248.715666666667   51.486866666667
198807    1.923764516129  168.655806451613  449.688064516129  440.642580645161  248.695806451613   51.485290322581
198808    1.928812903226  168.742258064516  449.799677419355  440.720967741936  248.715161290323   51.489322580645
198809    1.935906666667  168.847333333333  449.922333333333  440.810666666667  248.733666666667   51.494300000000
198810    1.936145161290  168.797741935484  449.810322580645  440.734193548387  248.706774193548   51.491032258065
198811    1.933000000000  168.774000000000  449.823000000000  440.739666666667  248.716000000000   51.490866666667
198812    1.945364516129  168.853870967742  449.773548387097  440.720967741936  248.683870967742   51.491903225806
198901    1.954200000000  168.947741935484  449.788387096774  440.740967741936  248.668064516129   51.494161290323
198902    1.955289285714  169.011071428571  449.886428571429  440.810357142857  248.687857142857   51.497500000000
198903    1.949083870968  168.900967741935  449.793548387097  440.737741935484  248.680645161290   51.493258064516
198904    1.946513333333  168.924666666667  449.887666666667  440.800666666667  248.706333333333   51.495500000000
198905    1.956877419355  169.021935483871  449.959032258064  440.856129032258  248.711935483871   51.499516129032
198906    1.970440000000  168.998000000000  449.701000000000  440.696666666667  248.632000000000   51.494600000000
198907    1.960409677419  169.104516129032  450.072903225806  440.935806451613  248.730645161290   51.503548387097
198908    1.963438709677  168.983225806452  449.791935483871  440.749677419355  248.664838709677   51.495774193548
198909    1.961736666667  168.924333333333  449.705666666667  440.689000000000  248.649000000000   51.492900000000
198910    1.963512903226  169.090322580645  449.989354838710  440.884193548387  248.707096774194   51.501709677419
198911    1.969670000000  169.107333333333  449.921666666667  440.845333333333  248.682000000000   51.501066666667
198912    1.965454838710  169.079354838710  449.930322580645  440.846451612903  248.690322580645   51.500580645161
199001    1.961309677419  169.056129032258  449.948387096774  440.854193548387  248.701290322581   51.500129032258
199002    1.949621428571  168.958928571429  449.940357142857  440.836071428571  248.716785714286   51.497571428571
199003    1.949209677419  168.943870967742  449.918064516129  440.819354838710  248.712258064516   51.496774193548
199004    1.953030000000  169.019000000000  449.997666666667  440.879666666667  248.724000000000   51.500000000000
199005    1.948464516129  168.926774193548  449.890000000000  440.800000000000  248.707096774194   51.495838709677
199006    1.946733333333  168.958666666667  449.978666666667  440.859333333333  248.730000000000   51.498033333333
199007    1.947909677419  168.888709677419  449.830645161290  440.758709677419  248.696451612903   51.493838709677
199008    1.957245161290  168.883225806452  449.679032258065  440.667419354839  248.648709677419   51.491290322581
199009    1.952743333333  169.006000000000  449.971000000000  440.860666666667  248.717333333333   51.499033333333
199010    1.951574193548  168.948064516129  449.891290322581  440.804516129032  248.704516129032   51.496419354839
199011    1.939690000000  168.690333333333  449.611333333333  440.599666666667  248.665666666667   51.485333333333
199012    1.945412903226  168.844516129032  449.783548387097  440.726451612903  248.690322580645   51.491903225806
199101    1.953493548387  168.839032258065  449.637419354839  440.636774193548  248.644516129032   51.489354838710
199102    1.965632142857  168.976071428571  449.735714285714  440.715357142857  248.648571428571   51.494571428571
199103    1.969074193548  169.090645161290  449.868387096774  440.813225806452  248.669354838710   51.499709677419
199104    1.964970000000  169.143333333333  450.064333333333  440.939666666667  248.722333333333   51.504400000000
199105    1.957816129032  168.958064516129  449.832903225806  440.773870967742  248.685806451613   51.496000000000
199106    1.963216666667  168.976000000000  449.786333333333  440.748666666667  248.668000000000   51.495766666667
199107    1.970232258065  169.077741935484  449.870322580645  440.815161290323  248.674516129032   51.499870967742
199108    1.971519354839  169.075483870968  449.855483870968  440.806451612903  248.671290322581   51.499483870968
199109    1.963920000000  169.095666666667  450.010000000000  440.901666666667  248.715000000000   51.502700000000
199110    1.961487096774  168.921935483871  449.712903225806  440.697741935484  248.655161290323   51.493290322581
199111    1.953933333333  168.976666666667  449.934666666667  440.839666666667  248.715000000000   51.498333333333
199112    1.959306451613  168.853870967742  449.629032258064  440.637419354839  248.641612903226   51.490161290323
199201    1.971719354839  169.072258064516  449.861290322581  440.807096774194  248.672258064516   51.499612903226
199202    1.976751724138  169.094482758621  449.830344827586  440.792413793103  248.658965517241   51.499655172414
199203    1.960980645161  169.067419354839  450.019354838710  440.904193548387  248.724516129032   51.502354838710
199204    1.951353333333  168.964333333333  449.953000000000  440.848333333333  248.723666666667   51.498200000000
199205    1.935332258065  168.823870967742  449.932903225806  440.817741935484  248.745161290323   51.494354838710
199206    1.926646666667  168.753333333333  449.894666666667  440.783333333333  248.746333333333   51.491666666667
199207    1.928203225806  168.720322580645  449.795483870968  440.720000000000  248.720322580645   51.489193548387
199208    1.926367741935  168.680000000000  449.786774193548  440.708387096774  248.726774193548   51.488129032258
199209    1.924070000000  168.697666666667  449.848666666667  440.747000000000  248.743666666667   51.489666666667
199210    1.925012903226  168.662580645161  449.740322580645  440.677096774194  248.714838709677   51.486741935484
199211    1.930426666667  168.726666666667  449.781666666667  440.711000000000  248.715000000000   51.489000000000
199212    1.930312903226  168.778387096774  449.875806451613  440.776129032258  248.736129032258   51.492000000000
199301    1.923435483871  168.726451612903  449.890322580645  440.776451612903  248.750645161290   51.490870967742
199302    1.923903571429  168.632142857143  449.701428571428  440.650357142857  248.709285714286   51.485250000000
199303    1.927448387097  168.738064516129  449.840645161290  440.747741935484  248.731290322581   51.490225806452
199304    1.921330000000  168.700666666667  449.862666666667  440.757333333333  248.747333333333   51.489766666667
199305    1.915600000000  168.635161290323  449.825161290323  440.726129032258  248.747741935484   51.487516129032
199306    1.914540000000  168.633333333333  449.832000000000  440.729666666667  248.750333333333   51.487466666667
199307    1.908054838710  168.580967741936  449.822903225806  440.715483870968  248.756451612903   51.485838709677
199308    1.903141935484  168.529354838710  449.801612903226  440.695161290322  248.760967741936   51.484032258065
199309    1.897386666667  168.472000000000  449.780666666667  440.674333333333  248.766000000000   51.482433333333
199310    1.898209677419  168.444516129032  449.701935483871  440.622903225806  248.744838709678   51.480322580645
199311    1.897326666667  168.435333333333  449.705333333333  440.624666666667  248.748000000000   51.480066666667
199312    1.902587096774  168.503225806452  449.758064516129  440.666129032258  248.751612903226   51.482741935484
199401    1.903300000000  168.471290322581  449.674838709677  440.610645161290  248.731290322581   51.480387096774
199402    1.901714285714  168.517142857143  449.794642857143  440.688571428571  248.760714285714   51.483607142857
199403    1.899064516129  168.504516129032  449.816774193548  440.700967741935  248.770645161290   51.483709677419
199404    1.891406666667  168.422000000000  449.770666666667  440.661666666667  248.773333333333   51.480900000000
199405    1.891793548387  168.415161290323  449.749032258065  440.646129032258  248.766451612903   51.480161290323
199406    1.890076666667  168.405333333333  449.756000000000  440.649666666667  248.770666666667   51.479966666667
199407    1.891993548387  168.414193548387  449.744838709677  440.643225806452  248.766129032258   51.480161290323
199408    1.888458064516  168.385806451613  449.740000000000  440.636774193548  248.768709677419   51.479290322581
199409    1.889106666667  168.374666666667  449.705666666667  440.613000000000  248.759000000000   51.478366666667
199410    1.893058064516  168.416451612903  449.725161290323  440.632580645161  248.757419354839   51.479709677419
199411    1.890586666667  168.414000000000  449.764000000000  440.656666666667  248.772000000000   51.480266666667
199412    1.891806451613  168.406129032258  449.730967741936  440.635483870968  248.762258064516   51.479645161290
199501    1.890012903226  168.410645161290  449.764516129032  440.655161290322  248.771935483871   51.480322580645
199502    1.893532142857  168.432500000000  449.756428571429  440.653928571429  248.764642857143   51.480892857143
199503    1.891838709677  168.403870967742  449.730967741935  440.635483870968  248.763225806452   51.479741935484
199504    1.887766666667  168.376333333333  449.731666666667  440.629666666667  248.767666666667   51.478833333333
199505    1.887006451613  168.367096774194  449.727419354839  440.626774193548  248.769032258065   51.478612903226
199506    1.887623333333  168.380000000000  449.744000000000  440.639000000000  248.771666666667   51.479400000000
199507    1.888006451613  168.377096774194  449.734516129032  440.633225806452  248.768709677419   51.479032258065
199508    1.887364516129  168.383870967742  449.753870967742  440.645161290323  248.774516129032   51.479516129032
199509    1.885526666667  168.361000000000  449.739000000000  440.634000000000  248.773666666667   51.478700000000
199510    1.886832258065  168.359677419355  449.714193548387  440.617741935484  248.765483870968   51.478258064516
199511    1.884336666667  168.346666666667  449.723666666667  440.621333333333  248.772333333333   51.477933333333
199512    1.882170967742  168.322903225806  449.715483870968  440.614193548387  248.775161290323   51.477258064516
199601    1.882148387097  168.323548387097  449.714516129032  440.612258064516  248.775161290323   51.477193548387
199602    1.879058620690  168.297241379310  449.706551724138  440.604137931035  248.775862068966   51.476275862069
199603    1.878219354839  168.280322580645  449.687419354839  440.590000000000  248.774193548387   51.475483870968
199604    1.877886666667  168.282666666667  449.698666666667  440.598333333333  248.778000000000   51.476000000000
199605    1.880477419355  168.305161290323  449.704838709678  440.604838709677  248.773870967742   51.476580645161
199606    1.880876666667  168.311666666667  449.706333333333  440.605333333333  248.773000000000   51.476866666667
199607    1.881796774194  168.315161290323  449.697096774193  440.601612903226  248.771935483871   51.476677419355
199608    1.882712903226  168.326129032258  449.705161290323  440.607096774194  248.767419354839   51.476967741935
199609    1.881463333333  168.323333333333  449.723333333333  440.618000000000  248.777333333333   51.477466666667
199610    1.879319354839  168.300000000000  449.709032258064  440.606129032258  248.778709677419   51.476483870968
199611    1.882030000000  168.295000000000  449.662333333333  440.576666666667  248.762666666667   51.475500000000
199612    1.884396774194  168.351612903226  449.732903225806  440.628387096774  248.773870967742   51.478193548387
199701    1.881693548387  168.324838709677  449.723870967742  440.620000000000  248.777419354839   51.477451612903
199702    1.881421428571  168.320000000000  449.720357142857  440.615714285714  248.777500000000   51.477178571429
199703    1.882051612903  168.330645161290  449.725483870968  440.620322580645  248.777096774194   51.477645161290
199704    1.881823333333  168.319666666667  449.714333333333  440.611333333333  248.774666666667   51.477233333333
199705    1.884396774194  168.350000000000  449.730000000000  440.626129032258  248.773548387097   51.478322580645
199706    1.883493333333  168.341000000000  449.730333333333  440.623333333333  248.775000000000   51.478000000000
199707    1.882870967742  168.341612903226  449.736774193548  440.628709677419  248.776774193548   51.478064516129
199708    1.886845161290  168.378709677419  449.745483870968  440.639032258064  248.772258064516   51.479129032258
199709    1.893343333333  168.408333333333  449.702666666667  440.616333333333  248.750333333333   51.479166666667
199710    1.891187096774  168.435806451613  449.792580645161  440.675806451613  248.776774193548   51.481516129032
199711    1.896043333333  168.446333333333  449.740666666667  440.645000000000  248.756333333333   51.480900000000
199712    1.896193548387  168.457419354839  449.754516129032  440.655483870968  248.759032258065   51.481387096774
199801    1.895254838710  168.469354838710  449.797741935484  440.681935483871  248.769032258065   51.482290322581
199802    1.892757142857  168.427142857143  449.757500000000  440.652142857143  248.765714285714   51.480607142857
199803    1.897654838710  168.452903225806  449.720645161290  440.632580645161  248.747096774194   51.480548387097
199804    1.904126666667  168.549666666667  449.808333333333  440.700333333333  248.757000000000   51.484500000000
199805    1.903235483871  168.520000000000  449.768709677419  440.671612903226  248.749032258065   51.483161290323
199806    1.906890000000  168.563333333333  449.801333333333  440.697333333333  248.751333333333   51.484900000000
199807    1.915803225806  168.660322580645  449.852903225806  440.740967741935  248.749032258065   51.488096774194
199808    1.918225806452  168.631290322581  449.753870967742  440.675806451613  248.722903225806   51.485612903226
199809    1.920893333333  168.668000000000  449.790333333333  440.703666666667  248.726333333333   51.487200000000
199810    1.915196774194  168.674193548387  449.898064516129  440.772580645161  248.761612903226   51.489387096774
199811    1.920183333333  168.681666666667  449.833333333333  440.731666666667  248.737666666667   51.488133333333
199812    1.926541935484  168.761612903226  449.878064516129  440.770645161290  248.736129032258   51.491193548387
199901    1.926016129032  168.787741935484  449.956129032258  440.822258064516  248.756451612903   51.493290322581
199902    1.917310714286  168.660357142857  449.830357142857  440.727142857143  248.741071428571   51.487821428571
199903    1.915203225806  168.664516129032  449.875161290323  440.756774193548  248.754516129032   51.488774193548
199904    1.909676666667  168.603333333333  449.843333333333  440.729666666667  248.757666666667   51.486566666667
199905    1.925777419355  168.739354838710  449.856774193548  440.751290322581  248.732903225806   51.490064516129
199906    1.934253333333  168.786333333333  449.817000000000  440.740666666667  248.712666666667   51.491000000000
199907    1.932958064516  168.783548387097  449.829354838710  440.745483870968  248.716451612903   51.490935483871
199908    1.933751612903  168.808064516129  449.865483870968  440.771612903226  248.722580645161   51.492290322581
199909    1.923930000000  168.757333333333  449.929333333333  440.803666666667  248.755000000000   51.492066666667
199910    1.929377419355  168.716774193548  449.755161290323  440.694193548387  248.708387096774   51.488419354839
199911    1.937036666667  168.764666666667  449.727666666667  440.685000000000  248.689666666667   51.489333333333
199912    1.936835483871  168.807096774194  449.815806451613  440.740645161290  248.709354838710   51.491451612903
200001    1.936706451613  168.867096774194  449.951290322581  440.831290322581  248.740322580645   51.495290322581
200002    1.939541379310  168.860344827586  449.884137931034  440.790000000000  248.720689655172   51.493896551724
200003    1.947770967742  168.852580645161  449.731935483871  440.698064516129  248.672903225806   51.491419354839
200004    1.949073333333  168.915333333333  449.846000000000  440.775666666667  248.695666666667   51.494733333333
200005    1.938493548387  168.797741935484  449.768064516129  440.710000000000  248.694838709677   51.490516129032
200006    1.940680000000  168.825333333333  449.788333333333  440.725000000000  248.695333333333   51.491166666667
200007    1.952112903226  168.919032258065  449.803870967742  440.752580645161  248.682903225806   51.494645161290
200008    1.945941935484  168.949354838710  449.971935483871  440.856774193549  248.731290322581   51.498000000000
200009    1.940270000000  168.815333333333  449.787333333333  440.730333333333  248.698666666667   51.491766666667
200010    1.944270967742  168.959677419355  450.020322580645  440.888064516129  248.744193548387   51.498870967742
200011    1.948040000000  168.935666666667  449.911333333333  440.820000000000  248.715666666667   51.496633333333
200012    1.945461290323  168.934193548387  449.957096774193  440.846774193548  248.731290322581   51.497354838710
200101    1.939954838710  168.890000000000  449.955161290323  440.842258064516  248.739354838710   51.496387096774
200102    1.935267857143  168.867857142857  449.987142857143  440.855000000000  248.751785714286   51.496107142857
200103    1.933906451613  168.763225806452  449.777419354839  440.713548387097  248.705806451613   51.489741935484
200104    1.935656666667  168.759000000000  449.732666666667  440.680666666667  248.691333333333   51.488466666667
200105    1.933412903226  168.807419354839  449.879032258064  440.779677419355  248.729677419355   51.492483870968
200106    1.940783333333  168.832333333333  449.813666666667  440.744000000000  248.703000000000   51.492066666667
200107    1.928667741935  168.792258064516  449.926451612903  440.806774193548  248.748064516129   51.492870967742
200108    1.931393548387  168.757096774194  449.805806451613  440.727096774194  248.715161290323   51.489806451613
200109    1.951943333333  168.872000000000  449.701000000000  440.679333333333  248.657333333333   51.491100000000
200110    1.957103225806  168.983225806452  449.858064516129  440.793548387097  248.688064516129   51.496838709677
200111    1.952240000000  168.919000000000  449.802333333333  440.750000000000  248.682000000000   51.494266666667
200112    1.966258064516  169.073225806452  449.904193548387  440.836129032258  248.685806451613   51.500129032258
200201    1.974080645161  169.195483870968  450.033225806452  440.930322580645  248.704516129032   51.505387096774
200202    1.963985714286  169.102500000000  450.008571428571  440.903928571429  248.715357142857   51.502571428571
200203    1.952890322581  169.000967741936  449.974193548387  440.868064516129  248.722903225806   51.499258064516
200204    1.950713333333  168.900666666667  449.798666666667  440.747000000000  248.686333333333   51.493900000000
200205    1.947938709677  168.893870967742  449.822258064516  440.757096774194  248.693548387097   51.493677419355
200206    1.938140000000  168.830000000000  449.854333333333  440.767666666667  248.718000000000   51.492533333333
200207    1.931338709677  168.680000000000  449.645806451613  440.622580645161  248.679354838710   51.485419354839
200208    1.937858064516  168.771290322581  449.724516129032  440.678709677419  248.685806451613   51.488838709677
200209    1.939203333333  168.797333333333  449.764333333333  440.710000000000  248.694000000000   51.490566666667
200210    1.936732258065  168.784516129032  449.776774193548  440.714516129032  248.701290322581   51.490258064516
200211    1.934600000000  168.767333333333  449.774333333333  440.709666666667  248.703333333333   51.489566666667
200212    1.937735483871  168.863548387097  449.933225806452  440.821935483871  248.736451612903   51.494870967742
200301    1.929783870968  168.784193548387  449.899354838710  440.790322580645  248.741612903226   51.492419354839
200302    1.918557142857  168.700000000000  449.907857142857  440.785000000000  248.761785714286   51.490392857143
200303    1.918945161290  168.632258064516  449.752580645161  440.678387096774  248.723548387097   51.485774193548
200304    1.916540000000  168.610000000000  449.749666666667  440.675000000000  248.727000000000   51.485300000000
200305    1.910416129032  168.567419354839  449.760967741935  440.674838709677  248.739677419355   51.484290322581
200306    1.911703333333  168.553000000000  449.708666666667  440.640666666667  248.724333333333   51.483000000000
200307    1.918748387097  168.630000000000  449.759677419355  440.683870967742  248.726129032258   51.486193548387
200308    1.917200000000  168.637419354839  449.796451612903  440.708387096774  248.739032258064   51.487000000000
200309    1.912593333333  168.620333333333  449.838000000000  440.731333333333  248.754666666667   51.487166666667
200310    1.909990322581  168.411935483871  449.432258064516  440.450967741935  248.663548387097   51.474709677419
200311    1.915513333333  168.588333333333  449.710666666667  440.643000000000  248.718000000000   51.483433333333
200312    1.910258064516  168.580967741936  449.791935483871  440.697419354839  248.747741935484   51.485387096774
200401    1.906561290323  168.519032258064  449.731290322581  440.653548387097  248.740322580645   51.482935483871
200402    1.905641379310  168.522413793103  449.748620689655  440.664482758621  248.746551724138   51.483172413793
200403    1.905219354839  168.523870967742  449.751612903226  440.665161290323  248.746451612903   51.483032258065
200404    1.903153333333  168.515666666667  449.778000000000  440.680666666667  248.757000000000   51.483466666667
200405    1.898864516129  168.455483870968  449.719354838710  440.636451612903  248.750000000000   51.480903225806
200406    1.898483333333  168.454000000000  449.715666666667  440.633000000000  248.748000000000   51.480733333333
200407    1.901135483871  168.426129032258  449.615483870968  440.567419354839  248.720645161290   51.478322580645
200408    1.900880645161  168.436129032258  449.642258064516  440.585483870968  248.728064516129   51.479129032258
200409    1.900610000000  168.483666666667  449.750000000000  440.658000000000  248.754000000000   51.482033333333
200410    1.900412903226  168.473870967742  449.735161290323  440.648387096774  248.750645161290   51.481645161290
200411    1.901433333333  168.461666666667  449.689000000000  440.618333333333  248.738666666667   51.480566666667
200412    1.898516129032  168.478709677419  449.774838709677  440.670322580645  248.762258064516   51.482161290323
200501    1.895641935484  168.378709677419  449.605161290323  440.552903225807  248.726451612903   51.476548387097
200502    1.896514285714  168.436785714286  449.717142857143  440.629642857143  248.750714285714   51.480178571429
200503    1.891222580645  168.390322580645  449.707741935484  440.619677419355  248.758387096774   51.478935483871
200504    1.889626666667  168.372333333333  449.697333333333  440.610333333333  248.757000000000   51.478200000000
200505    1.894748387097  168.393225806452  449.657419354839  440.588064516129  248.741290322581   51.477967741935
200506    1.892123333333  168.371000000000  449.653666666667  440.583333333333  248.745000000000   51.477466666667
200507    1.894051612903  168.392903225806  449.667419354839  440.595161290322  248.744193548387   51.478354838710
200508    1.894319354839  168.416129032258  449.712258064516  440.624838709677  248.753870967742   51.479612903226
200509    1.889526666667  168.351000000000  449.649666666667  440.577666666667  248.747666666667   51.476800000000
200510    1.883822580645  168.334193548387  449.715806451613  440.614838709678  248.770000000000   51.477709677419
200511    1.884810000000  168.319000000000  449.661333333333  440.579333333333  248.758000000000   51.476133333333
200512    1.889961290323  168.366451612903  449.677419354839  440.597096774194  248.753225806452   51.477774193548
200601    1.886793548387  168.361935483871  449.722258064516  440.623548387097  248.767096774194   51.478258064516
200602    1.881939285714  168.320000000000  449.712857142857  440.613214285714  248.773214285714   51.477142857143
200603    1.880229032258  168.296451612903  449.691290322581  440.596129032258  248.769677419355   51.476032258065
200604    1.887590000000  168.339333333333  449.663333333333  440.585666666667  248.754000000000   51.476866666667
200605    1.887448387097  168.364516129032  449.719032258064  440.623225806452  248.766774193549   51.478451612903
200606    1.883893333333  168.327000000000  449.696333333333  440.603000000000  248.766666666667   51.477033333333
200607    1.883296774194  168.313225806452  449.677741935484  440.589677419355  248.763870967742   51.476451612903
200608    1.881300000000  168.279032258065  449.636451612903  440.557096774194  248.756451612903   51.474677419355
200609    1.880223333333  168.292666666667  449.682000000000  440.587666666667  248.768000000000   51.475833333333
200610    1.877938709677  168.272580645161  449.680322580645  440.584838709677  248.771612903226   51.475258064516
200611    1.881840000000  168.268666666667  449.605000000000  440.537666666667  248.748666666667   51.473966666667
200612    1.881396774194  168.279677419355  449.634193548387  440.558709677419  248.755483870968   51.474774193548
200701    1.882074193548  168.287419354839  449.640967741936  440.563870967742  248.757096774194   51.475129032258
200702    1.879432142857  168.272500000000  449.654285714286  440.570000000000  248.763214285714   51.474857142857
200703    1.876680645161  168.259677419355  449.670967741936  440.578709677419  248.770645161290   51.474870967742
200704    1.875853333333  168.244666666667  449.653333333333  440.564666666667  248.767000000000   51.474033333333
200705    1.877309677419  168.250967741936  449.644838709678  440.561290322581  248.764838709677   51.474161290323
200706    1.879700000000  168.283666666667  449.672333333333  440.581000000000  248.767000000000   51.475500000000
200707    1.878248387097  168.262903225806  449.652580645161  440.567096774193  248.765161290323   51.474516129032
200708    1.876232258065  168.254516129032  449.669032258065  440.575161290322  248.771935483871   51.474548387097
200709    1.873090000000  168.222000000000  449.652666666667  440.562000000000  248.771666666667   51.473433333333
200710    1.872583870968  168.218064516129  449.649354838709  440.558387096774  248.770000000000   51.473451612903
200711    1.872300000000  168.213333333333  449.648666666666  440.557333333333  248.770666666667   51.473366666667
200712    1.875403225806  168.240967741935  449.655483870968  440.566451612903  248.768387096774   51.474193548387
200801    1.876232258065  168.257096774194  449.673870967742  440.578064516129  248.772258064516   51.474838709677
200802    1.874658620690  168.238275862069  449.662068965517  440.568275862069  248.771379310345   51.474103448276
200803    1.874880645161  168.226451612903  449.634193548387  440.551290322581  248.764516129032   51.473451612903
200804    1.874786666667  168.239666666667  449.660666666667  440.567666666667  248.771333333333   51.474000000000
200805    1.873990322581  168.231612903226  449.658387096774  440.565806451613  248.771935483871   51.473935483871
200806    1.872553333333  168.216000000000  449.650000000000  440.558666666667  248.770666666667   51.473300000000
200807    1.871522580645  168.205806451613  449.642258064516  440.552903225806  248.770645161290   51.472935483871
200808    1.871206451613  168.200967741935  449.641935483871  440.551612903226  248.770645161291   51.472838709677
200809    1.870430000000  168.195000000000  449.636666666666  440.547000000000  248.771000000000   51.472433333333
200810    1.871254838710  168.202258064516  449.640645161290  440.551290322580  248.770322580645   51.472870967742
200811    1.872240000000  168.213333333333  449.646333333333  440.556000000000  248.770000000000   51.473233333333
200812    1.871700000000  168.209354838710  449.647419354839  440.556774193548  248.770645161291   51.473064516129
200901    1.872319354839  168.214838709677  449.650967741935  440.560322580645  248.774516129032   51.473612903226
200902    1.871821428571  168.211428571429  449.647500000000  440.556428571428  248.771071428572   51.473214285714
200903    1.871551612903  168.205483870968  449.644193548387  440.553548387097  248.770322580645   51.473032258064
200904    1.871353333333  168.203666666667  449.642333333333  440.552000000000  248.771000000000   51.472800000000
200905    1.873812903226  168.231290322581  449.659354838710  440.567096774193  248.771612903226   51.473709677419
200906    1.873483333333  168.228333333333  449.658333333333  440.564333333333  248.771000000000   51.473300000000
200907    1.872509677419  168.212903225806  449.644838709677  440.553870967742  248.770000000000   51.473161290323
200908    1.871216129032  168.203548387097  449.642580645161  440.553548387097  248.770322580645   51.472838709677
200909    1.872343333333  168.213666666667  449.649000000000  440.558000000000  248.771333333333   51.473200000000
200910    1.872616129032  168.216774193548  449.647419354839  440.557741935484  248.770967741936   51.473290322581
200911    1.874676666667  168.241666666667  449.668000000000  440.574000000000  248.774000000000   51.474333333333
200912    1.875645161290  168.245806451613  449.660322580645  440.569032258065  248.770322580645   51.474258064516
201001    1.878851612903  168.281935483871  449.680645161290  440.586774193549  248.770967741936   51.475806451613
201002    1.882578571429  168.327142857143  449.712857142857  440.612142857143  248.770714285714   51.477285714286
201003    1.882190322581  168.310322580645  449.684516129032  440.591935483871  248.764838709677   51.476322580645
201004    1.880513333333  168.305333333333  449.702666666667  440.603000000000  248.772666666667   51.476366666667
201005    1.878538709677  168.281935483871  449.688709677419  440.592580645161  248.771612903226   51.475774193548
201006    1.877476666667  168.269666666667  449.678666666667  440.584000000000  248.772000000000   51.475200000000
201007    1.882477419355  168.318387096774  449.698387096774  440.601612903226  248.767419354839   51.476806451613
201008    1.883490322581  168.320967741936  449.686451612903  440.596129032258  248.765806451613   51.476709677419
201009    1.885846666667  168.343333333333  449.693333333333  440.601333333333  248.762000000000   51.477300000000
201010    1.883038709677  168.311290322581  449.671612903226  440.583548387097  248.760967741936   51.476000000000
201011    1.883106666667  168.324666666667  449.699666666667  440.603666666667  248.766666666667   51.476933333333
201012    1.882596774194  168.311612903226  449.679354838710  440.587741935484  248.763225806452   51.476161290323
201101    1.881422580645  168.306129032258  449.687741935484  440.592580645161  248.766451612903   51.476161290323
201102    1.884714285714  168.328214285714  449.677142857143  440.591071428571  248.760357142857   51.476750000000
201103    1.894935483871  168.408064516129  449.674516129032  440.598709677419  248.741612903226   51.478870967742
201104    1.902726666667  168.514000000000  449.769666666667  440.673333333333  248.751666666667   51.483166666667
201105    1.895474193548  168.457419354839  449.775161290323  440.667419354839  248.766129032258   51.481677419355
201106    1.896640000000  168.457666666667  449.758333333333  440.657666666667  248.761333333333   51.481466666667
201107    1.893938709677  168.421290322581  449.725806451613  440.633225806452  248.756774193548   51.479903225806
201108    1.896061290323  168.419032258065  449.686451612903  440.609354838710  248.744838709677   51.479387096774
201109    1.907500000000  168.506666666667  449.676333333333  440.615000000000  248.723000000000   51.481366666667
201110    1.914432258065  168.580967741936  449.717096774193  440.650000000000  248.721935483871   51.483870967742
201111    1.922893333333  168.670666666667  449.765000000000  440.692000000000  248.719666666667   51.487100000000
201112    1.918800000000  168.658064516129  449.804193548387  440.713870967742  248.735161290323   51.487419354839
201201    1.911451612903  168.587096774194  449.779354838710  440.688064516129  248.740000000000   51.485000000000
201202    1.900427586207  168.502758620690  449.785862068966  440.680344827586  248.759655172414   51.482931034483
201203    1.900545161290  168.475483870968  449.726774193548  440.639677419355  248.746451612903   51.481322580645
201204    1.902523333333  168.505000000000  449.754333333333  440.662000000000  248.749333333333   51.482566666667
201205    1.906700000000  168.509677419355  449.696774193548  440.628064516129  248.730322580645   51.481677419355
201206    1.906673333333  168.528666666667  449.737333333333  440.655333333333  248.740000000000   51.482966666667
201207    1.907012903226  168.487741935484  449.641290322581  440.588064516129  248.714516129032   51.479935483871
201208    1.907477419355  168.557741935484  449.783225806452  440.685806451613  248.746774193548   51.484322580645
201209    1.911253333333  168.604000000000  449.818666666667  440.715333333333  248.751000000000   51.486200000000
201210    1.908000000000  168.549354838710  449.757096774194  440.670322580645  248.741290322581   51.483741935484
201211    1.906150000000  168.538333333333  449.767000000000  440.674666666667  248.747000000000   51.483533333333
201212    1.901203225806  168.501290322581  449.775161290323  440.675483870968  248.758064516129   51.482870967742
