196601    1.898000000000  168.480000000000  449.780000000000  440.680000000000  248.760000000000   51.481000000000
196602    1.898000000000  168.480000000000  449.780000000000  440.680000000000  248.760000000000   51.481000000000
196603    1.898000000000  168.480000000000  449.780000000000  440.680000000000  248.760000000000   51.481000000000
196604    1.898000000000  168.480000000000  449.780000000000  440.680000000000  248.760000000000   51.481000000000
196605    1.898000000000  168.480000000000  449.780000000000  440.680000000000  248.760000000000   51.481000000000
196606    1.898000000000  168.480000000000  449.780000000000  440.680000000000  248.760000000000   51.481000000000
196607    1.898000000000  168.480000000000  449.780000000000  440.680000000000  248.760000000000   51.481000000000
196608    1.898000000000  168.480000000000  449.780000000000  440.680000000000  248.760000000000   51.481000000000
196609    1.898000000000  168.480000000000  449.780000000000  440.680000000000  248.760000000000   51.481000000000
196610    1.898000000000  168.480000000000  449.780000000000  440.680000000000  248.760000000000   51.481000000000
196611    1.898000000000  168.480000000000  449.780000000000  440.680000000000  248.760000000000   51.481000000000
196612    1.898000000000  168.480000000000  449.780000000000  440.680000000000  248.760000000000   51.481000000000
196701    1.898000000000  168.480000000000  449.780000000000  440.680000000000  248.760000000000   51.481000000000
196702    1.898000000000  168.480000000000  449.780000000000  440.680000000000  248.760000000000   51.481000000000
196703    1.898000000000  168.480000000000  449.780000000000  440.680000000000  248.760000000000   51.481000000000
196704    1.898000000000  168.480000000000  449.780000000000  440.680000000000  248.760000000000   51.481000000000
196705    1.898000000000  168.480000000000  449.780000000000  440.680000000000  248.760000000000   51.481000000000
196706    1.898000000000  168.480000000000  449.780000000000  440.680000000000  248.760000000000   51.481000000000
196707    1.898000000000  168.480000000000  449.780000000000  440.680000000000  248.760000000000   51.481000000000
196708    1.898000000000  168.480000000000  449.780000000000  440.680000000000  248.760000000000   51.481000000000
196709    1.898000000000  168.480000000000  449.780000000000  440.680000000000  248.760000000000   51.481000000000
196710    1.898000000000  168.480000000000  449.780000000000  440.680000000000  248.760000000000   51.481000000000
196711    1.898000000000  168.480000000000  449.780000000000  440.680000000000  248.760000000000   51.481000000000
196712    1.898000000000  168.480000000000  449.780000000000  440.680000000000  248.760000000000   51.481000000000
196801    1.898000000000  168.480000000000  449.780000000000  440.680000000000  248.760000000000   51.481000000000
196802    1.898000000000  168.480000000000  449.780000000000  440.680000000000  248.760000000000   51.481000000000
196803    1.898000000000  168.480000000000  449.780000000000  440.680000000000  248.760000000000   51.481000000000
196804    1.898000000000  168.480000000000  449.780000000000  440.680000000000  248.760000000000   51.481000000000
196805    1.898000000000  168.480000000000  449.780000000000  440.680000000000  248.760000000000   51.481000000000
196806    1.898000000000  168.480000000000  449.780000000000  440.680000000000  248.760000000000   51.481000000000
196807    1.898000000000  168.480000000000  449.780000000000  440.680000000000  248.760000000000   51.481000000000
196808    1.898000000000  168.480000000000  449.780000000000  440.680000000000  248.760000000000   51.481000000000
196809    1.898000000000  168.480000000000  449.780000000000  440.680000000000  248.760000000000   51.481000000000
196810    1.898000000000  168.480000000000  449.780000000000  440.680000000000  248.760000000000   51.481000000000
196811    1.898000000000  168.480000000000  449.780000000000  440.680000000000  248.760000000000   51.481000000000
196812    1.898000000000  168.480000000000  449.780000000000  440.680000000000  248.760000000000   51.481000000000
196901    1.898000000000  168.480000000000  449.780000000000  440.680000000000  248.760000000000   51.481000000000
196902    1.898000000000  168.480000000000  449.780000000000  440.680000000000  248.760000000000   51.481000000000
196903    1.898000000000  168.480000000000  449.780000000000  440.680000000000  248.760000000000   51.481000000000
196904    1.898000000000  168.480000000000  449.780000000000  440.680000000000  248.760000000000   51.481000000000
196905    1.898000000000  168.480000000000  449.780000000000  440.680000000000  248.760000000000   51.481000000000
196906    1.898000000000  168.480000000000  449.780000000000  440.680000000000  248.760000000000   51.481000000000
196907    1.898000000000  168.480000000000  449.780000000000  440.680000000000  248.760000000000   51.481000000000
196908    1.898000000000  168.480000000000  449.780000000000  440.680000000000  248.760000000000   51.481000000000
196909    1.898000000000  168.480000000000  449.780000000000  440.680000000000  248.760000000000   51.481000000000
196910    1.898000000000  168.480000000000  449.780000000000  440.680000000000  248.760000000000   51.481000000000
196911    1.898000000000  168.480000000000  449.780000000000  440.680000000000  248.760000000000   51.481000000000
196912    1.898000000000  168.480000000000  449.780000000000  440.680000000000  248.760000000000   51.481000000000
197001    1.898000000000  168.480000000000  449.780000000000  440.680000000000  248.760000000000   51.481000000000
197002    1.898000000000  168.480000000000  449.780000000000  440.680000000000  248.760000000000   51.481000000000
197003    1.898000000000  168.480000000000  449.780000000000  440.680000000000  248.760000000000   51.481000000000
197004    1.898000000000  168.480000000000  449.780000000000  440.680000000000  248.760000000000   51.481000000000
197005    1.898000000000  168.480000000000  449.780000000000  440.680000000000  248.760000000000   51.481000000000
197006    1.898000000000  168.480000000000  449.780000000000  440.680000000000  248.760000000000   51.481000000000
197007    1.898000000000  168.480000000000  449.780000000000  440.680000000000  248.760000000000   51.481000000000
197008    1.898000000000  168.480000000000  449.780000000000  440.680000000000  248.760000000000   51.481000000000
197009    1.898000000000  168.480000000000  449.780000000000  440.680000000000  248.760000000000   51.481000000000
197010    1.898000000000  168.480000000000  449.780000000000  440.680000000000  248.760000000000   51.481000000000
197011    1.898000000000  168.480000000000  449.780000000000  440.680000000000  248.760000000000   51.481000000000
197012    1.898000000000  168.480000000000  449.780000000000  440.680000000000  248.760000000000   51.481000000000
197101    1.898000000000  168.480000000000  449.780000000000  440.680000000000  248.760000000000   51.481000000000
197102    1.898000000000  168.480000000000  449.780000000000  440.680000000000  248.760000000000   51.481000000000
197103    1.898000000000  168.480000000000  449.780000000000  440.680000000000  248.760000000000   51.481000000000
197104    1.898000000000  168.480000000000  449.780000000000  440.680000000000  248.760000000000   51.481000000000
197105    1.898000000000  168.480000000000  449.780000000000  440.680000000000  248.760000000000   51.481000000000
197106    1.898000000000  168.480000000000  449.780000000000  440.680000000000  248.760000000000   51.481000000000
197107    1.898000000000  168.480000000000  449.780000000000  440.680000000000  248.760000000000   51.481000000000
197108    1.898000000000  168.480000000000  449.780000000000  440.680000000000  248.760000000000   51.481000000000
197109    1.898000000000  168.480000000000  449.780000000000  440.680000000000  248.760000000000   51.481000000000
197110    1.898000000000  168.480000000000  449.780000000000  440.680000000000  248.760000000000   51.481000000000
197111    1.898000000000  168.480000000000  449.780000000000  440.680000000000  248.760000000000   51.481000000000
197112    1.898000000000  168.480000000000  449.780000000000  440.680000000000  248.760000000000   51.481000000000
197201    1.898000000000  168.480000000000  449.780000000000  440.680000000000  248.760000000000   51.481000000000
197202    1.898000000000  168.480000000000  449.780000000000  440.680000000000  248.760000000000   51.481000000000
197203    1.898000000000  168.480000000000  449.780000000000  440.680000000000  248.760000000000   51.481000000000
197204    1.898000000000  168.480000000000  449.780000000000  440.680000000000  248.760000000000   51.481000000000
197205    1.898000000000  168.480000000000  449.780000000000  440.680000000000  248.760000000000   51.481000000000
197206    1.898000000000  168.480000000000  449.780000000000  440.680000000000  248.760000000000   51.481000000000
197207    1.898000000000  168.480000000000  449.780000000000  440.680000000000  248.760000000000   51.481000000000
197208    1.898000000000  168.480000000000  449.780000000000  440.680000000000  248.760000000000   51.481000000000
197209    1.898000000000  168.480000000000  449.780000000000  440.680000000000  248.760000000000   51.481000000000
197210    1.898000000000  168.480000000000  449.780000000000  440.680000000000  248.760000000000   51.481000000000
197211    1.898000000000  168.480000000000  449.780000000000  440.680000000000  248.760000000000   51.481000000000
197212    1.898000000000  168.480000000000  449.780000000000  440.680000000000  248.760000000000   51.481000000000
197301    1.898000000000  168.480000000000  449.780000000000  440.680000000000  248.760000000000   51.481000000000
197302    1.898000000000  168.480000000000  449.780000000000  440.680000000000  248.760000000000   51.481000000000
197303    1.898000000000  168.480000000000  449.780000000000  440.680000000000  248.760000000000   51.481000000000
197304    1.898000000000  168.480000000000  449.780000000000  440.680000000000  248.760000000000   51.481000000000
197305    1.898000000000  168.480000000000  449.780000000000  440.680000000000  248.760000000000   51.481000000000
197306    1.898000000000  168.480000000000  449.780000000000  440.680000000000  248.760000000000   51.481000000000
197307    1.898000000000  168.480000000000  449.780000000000  440.680000000000  248.760000000000   51.481000000000
197308    1.898000000000  168.480000000000  449.780000000000  440.680000000000  248.760000000000   51.481000000000
197309    1.898000000000  168.480000000000  449.780000000000  440.680000000000  248.760000000000   51.481000000000
197310    1.898000000000  168.480000000000  449.780000000000  440.680000000000  248.760000000000   51.481000000000
197311    1.898000000000  168.480000000000  449.780000000000  440.680000000000  248.760000000000   51.481000000000
197312    1.898000000000  168.480000000000  449.780000000000  440.680000000000  248.760000000000   51.481000000000
197401    1.898000000000  168.480000000000  449.780000000000  440.680000000000  248.760000000000   51.481000000000
197402    1.898000000000  168.480000000000  449.780000000000  440.680000000000  248.760000000000   51.481000000000
197403    1.898000000000  168.480000000000  449.780000000000  440.680000000000  248.760000000000   51.481000000000
197404    1.898000000000  168.480000000000  449.780000000000  440.680000000000  248.760000000000   51.481000000000
197405    1.898000000000  168.480000000000  449.780000000000  440.680000000000  248.760000000000   51.481000000000
197406    1.898000000000  168.480000000000  449.780000000000  440.680000000000  248.760000000000   51.481000000000
197407    1.898000000000  168.480000000000  449.780000000000  440.680000000000  248.760000000000   51.481000000000
197408    1.897193548387  168.478387096774  449.789032258064  440.683870967742  248.764193548387   51.481129032258
197409    1.900570000000  168.499000000000  449.772666666667  440.674333333333  248.757666666667   51.481333333333
197410    1.903277419355  168.520000000000  449.776129032258  440.679677419355  248.754193548387   51.481967741935
197411    1.899063333333  168.500333333333  449.807333333333  440.694333333333  248.768333333333   51.482166666667
197412    1.893593548387  168.443225806452  449.775806451613  440.667419354839  248.769677419355   51.480096774194
197501    1.890825806452  168.420322580645  449.773870967742  440.663870967742  248.772903225806   51.479419354839
197502    1.888860714286  168.401785714286  449.770357142857  440.659642857143  248.776071428571   51.479107142857
197503    1.887790322581  168.391612903226  449.767096774194  440.654516129032  248.777741935484   51.478709677419
197504    1.887453333333  168.391666666667  449.772333333333  440.658666666667  248.779666666667   51.478866666667
197505    1.886190322581  168.371612903226  449.751935483871  440.642903225806  248.777419354839   51.477935483871
197506    1.887516666667  168.386333333333  449.758000000000  440.650000000000  248.775666666667   51.478500000000
197507    1.894445161290  168.447741935484  449.769354838710  440.664193548387  248.766451612903   51.480032258065
197508    1.900041935484  168.473225806452  449.732580645161  440.645806451613  248.750000000000   51.480096774194
197509    1.894646666667  168.470000000000  449.816000000000  440.696333333333  248.777000000000   51.481433333333
197510    1.891222580645  168.427741935484  449.782903225807  440.669677419355  248.774193548387   51.479903225806
197511    1.892536666667  168.431333333333  449.769000000000  440.662000000000  248.769666666667   51.479700000000
197512    1.889019354839  168.408709677419  449.779032258065  440.666129032258  248.778387096774   51.479225806452
197601    1.888103225806  168.389032258065  449.756774193548  440.648387096774  248.775161290323   51.478419354839
197602    1.886896551724  168.386551724138  449.768620689655  440.655172413793  248.779655172414   51.478620689655
197603    1.890054838710  168.392580645161  449.730645161290  440.633870967742  248.766129032258   51.478322580645
197604    1.890943333333  168.403000000000  449.734000000000  440.636000000000  248.764000000000   51.478200000000
197605    1.888377419355  168.397419354839  449.768387096774  440.655806451613  248.775806451613   51.478903225806
197606    1.887710000000  168.388333333333  449.763333333333  440.650666666666  248.775333333334   51.478600000000
197607    1.887225806452  168.391612903226  449.775483870968  440.658387096774  248.779677419355   51.478870967742
197608    1.890538709677  168.406129032258  449.748709677420  440.647096774194  248.768709677419   51.478677419355
197609    1.889293333333  168.402666666667  449.762666666667  440.653000000000  248.773000000000   51.478766666667
197610    1.889096774194  168.398387096774  449.761290322581  440.652258064516  248.773548387097   51.478806451613
197611    1.887536666667  168.389000000000  449.768333333333  440.654000000000  248.776666666667   51.478733333333
197612    1.888767741935  168.394516129032  449.758709677419  440.650645161290  248.771612903226   51.478645161290
197701    1.889451612903  168.410322580645  449.773870967742  440.661612903226  248.774516129032   51.479193548387
197702    1.891846428571  168.428214285714  449.777142857143  440.664285714286  248.771785714286   51.479678571429
197703    1.890254838710  168.431290322581  449.807419354839  440.683225806452  248.779677419355   51.480193548387
197704    1.893216666667  168.457000000000  449.811333333333  440.689666666667  248.776333333333   51.480966666667
197705    1.895935483871  168.492903225806  449.839354838710  440.711935483871  248.778387096774   51.482387096774
197706    1.901180000000  168.506000000000  449.783333333333  440.680000000000  248.759333333333   51.481800000000
197707    1.901596774194  168.555806451613  449.870322580645  440.739354838710  248.775483870968   51.484258064516
197708    1.903612903226  168.574193548387  449.874193548387  440.743870967742  248.773548387097   51.484870967742
197709    1.902013333333  168.507000000000  449.774333333333  440.674333333333  248.754666666667   51.481600000000
197710    1.900100000000  168.500967741935  449.788064516129  440.681612903226  248.760967741936   51.481580645161
197711    1.911793333333  168.680333333333  449.949000000000  440.803666666667  248.776000000000   51.488566666667
197712    1.916364516129  168.709032258064  449.932580645161  440.798709677419  248.765483870968   51.489129032258
197801    1.918496774194  168.735483870968  449.955483870968  440.816129032258  248.767096774194   51.490096774194
197802    1.933903571429  168.805714285714  449.846428571429  440.758928571429  248.718214285714   51.489928571429
197803    1.927309677419  168.766129032258  449.885161290323  440.775806451613  248.738064516129   51.489806451613
197804    1.924143333333  168.724666666667  449.859666666667  440.753333333333  248.737000000000   51.488200000000
197805    1.927070967742  168.761290322581  449.889677419355  440.777741935484  248.739354838710   51.489709677419
197806    1.931903333333  168.837666666667  449.964666666667  440.835666666667  248.750000000000   51.492966666667
197807    1.930545161290  168.843548387097  449.994516129032  440.853870967742  248.757419354839   51.493516129032
197808    1.923109677419  168.794838709677  450.008387096774  440.855806451613  248.772258064516   51.492516129032
197809    1.933323333333  168.776000000000  449.807333333333  440.731000000000  248.711333333333   51.488666666667
197810    1.933245161290  168.815161290323  449.895483870968  440.790967741935  248.731935483871   51.491096774194
197811    1.929463333333  168.777666666667  449.880000000000  440.775000000000  248.734666666667   51.490133333333
197812    1.936787096774  168.758387096774  449.725806451613  440.680322580645  248.689354838710   51.486838709677
197901    1.957777419355  168.956451612903  449.822903225806  440.765806451613  248.681612903226   51.493548387097
197902    1.961071428571  169.053571428571  449.959642857143  440.862142857143  248.705000000000   51.498285714286
197903    1.962441935484  169.140000000000  450.093548387097  440.955483870968  248.731290322581   51.502612903226
197904    1.948183333333  168.972333333333  449.961333333333  440.852000000000  248.722333333333   51.496166666667
197905    1.944274193548  168.956129032258  449.976774193549  440.859032258065  248.729032258065   51.495903225806
197906    1.945816666667  168.869666666667  449.796666666667  440.738666666667  248.689666666667   51.490700000000
197907    1.944541935484  168.900000000000  449.899677419355  440.805161290323  248.717741935484   51.493387096774
197908    1.946770967742  168.913225806452  449.899677419355  440.806774193548  248.715161290323   51.493774193548
197909    1.954803333333  168.954333333333  449.851666666667  440.784666666667  248.691000000000   51.493866666667
197910    1.956887096774  168.972580645161  449.828709677419  440.774193548387  248.679677419355   51.493935483871
197911    1.959946666667  168.971333333333  449.766333333333  440.736666666667  248.660000000000   51.492766666667
197912    1.952683870968  168.989354838710  449.949032258064  440.848387096774  248.716451612903   51.496548387097
198001    1.953835483871  168.954193548387  449.900967741936  440.813225806452  248.708064516129   51.495064516129
198002    1.948513793103  168.874827586207  449.813103448276  440.750344827586  248.695517241379   51.491517241379
198003    1.942441935484  168.926129032258  449.989677419355  440.865161290323  248.741290322581   51.495806451613
198004    1.944960000000  168.833000000000  449.741000000000  440.701333333333  248.679666666667   51.489033333333
198005    1.953977419355  168.908387096774  449.742580645161  440.711612903226  248.664838709677   51.490935483871
198006    1.947453333333  168.933000000000  449.912000000000  440.817000000000  248.714333333333   51.494433333333
198007    1.946812903226  168.928709677419  449.914516129032  440.817741935484  248.716774193548   51.494322580645
198008    1.940722580645  168.875161290323  449.924516129032  440.817741935484  248.731612903226   51.493419354839
198009    1.944236666667  168.876333333333  449.861000000000  440.778666666667  248.709666666667   51.492166666667
198010    1.947080645161  168.916774193548  449.853225806452  440.780322580645  248.698709677419   51.492806451613
198011    1.946313333333  168.857333333333  449.754333333333  440.711333333333  248.678666666667   51.489733333333
198012    1.955574193548  168.980000000000  449.834193548387  440.779032258065  248.680322580645   51.494129032258
198101    1.939980645161  168.932903225806  450.007741935484  440.875161290323  248.745806451613   51.496096774194
198102    1.944585714286  168.839642857143  449.771428571429  440.720357142857  248.688571428571   51.489821428571
198103    1.950070967742  168.946774193548  449.886774193548  440.806774193548  248.704193548387   51.494322580645
198104    1.957016666667  169.030666666667  449.919333333333  440.837333333333  248.697000000000   51.496833333333
198105    1.946890322581  168.945161290323  449.903548387097  440.814193548387  248.709032258064   51.494419354839
198106    1.933146666667  168.834000000000  449.917000000000  440.807666666667  248.736666666667   51.492066666667
198107    1.941316129032  168.740322580645  449.640645161290  440.625483870968  248.665483870968   51.485129032258
198108    1.954325806452  168.908064516129  449.759354838710  440.721290322581  248.671290322581   51.491322580645
198109    1.961856666667  169.026333333333  449.857000000000  440.799333333333  248.679000000000   51.495933333333
198110    1.958080645161  168.951935483871  449.769354838710  440.735161290323  248.666451612903   51.492419354839
198111    1.951826666667  168.940000000000  449.862666666667  440.790666666667  248.699333333333   51.494100000000
198112    1.952554838710  168.930000000000  449.837419354839  440.773548387097  248.691935483871   51.493290322581
198201    1.942796774194  168.897096774194  449.920000000000  440.819032258064  248.724838709677   51.493903225806
198202    1.946646428571  168.775357142857  449.610357142857  440.614642857143  248.651071428571   51.485535714286
198203    1.945574193548  168.784838709677  449.619354838710  440.621612903226  248.650645161290   51.485903225806
198204    1.932036666667  168.741000000000  449.759666666667  440.701000000000  248.706333333333   51.487266666667
198205    1.930435483871  168.770967741935  449.853548387097  440.764193548387  248.729677419355   51.489645161290
198206    1.931843333333  168.675333333333  449.628000000000  440.614000000000  248.675333333333   51.483400000000
198207    1.932667741935  168.753548387097  449.774516129032  440.714193548387  248.708387096774   51.488096774194
198208    1.939196774194  168.806451612903  449.780967741935  440.723870967742  248.699354838710   51.489322580645
198209    1.943663333333  168.874666666667  449.871000000000  440.788666666667  248.713333333333   51.492633333333
198210    1.944400000000  168.903548387097  449.915483870968  440.820000000000  248.724193548387   51.494129032258
198211    1.939806666667  168.835666666667  449.851666666667  440.771666666667  248.717000000000   51.491633333333
198212    1.949496774194  168.904838709677  449.813225806452  440.757741935484  248.689677419355   51.492258064516
198301    1.931154838710  168.789032258064  449.884193548387  440.781935483871  248.734516129032   51.490741935484
198302    1.921682142857  168.691428571429  449.852142857143  440.748571428571  248.744285714286   51.487678571429
198303    1.919132258065  168.666774193548  449.836451612903  440.738387096774  248.743870967742   51.486774193548
198304    1.921013333333  168.692000000000  449.857666666667  440.752000000000  248.746000000000   51.487733333333
198305    1.923967741935  168.692258064516  449.793548387097  440.713225806452  248.725161290323   51.486387096774
198306    1.927343333333  168.704666666667  449.767000000000  440.701666666667  248.715333333333   51.486633333333
198307    1.923416129032  168.723225806452  449.871612903226  440.765161290323  248.743225806452   51.488677419355
198308    1.925070967742  168.753225806452  449.902580645161  440.789032258064  248.748709677419   51.490000000000
198309    1.917016666667  168.678000000000  449.879000000000  440.763666666667  248.755000000000   51.487566666667
198310    1.915351612903  168.638064516129  449.826451612903  440.727096774194  248.748387096774   51.485935483871
198311    1.909043333333  168.614000000000  449.887666666667  440.759666666667  248.773666666667   51.486266666667
198312    1.906819354839  168.590000000000  449.865161290323  440.742258064516  248.770645161290   51.485258064516
198401    1.908606451613  168.513225806452  449.670322580645  440.613548387097  248.720000000000   51.479903225806
198402    1.919168965517  168.589655172414  449.670344827586  440.624827586207  248.706896551724   51.482034482759
198403    1.920661290323  168.690322580645  449.848387096774  440.746451612903  248.745483870968   51.487645161290
198404    1.916486666667  168.565333333333  449.663333333333  440.618333333333  248.707666666667   51.481166666667
198405    1.913235483871  168.554838709677  449.682258064516  440.627096774194  248.715806451613   51.481225806452
198406    1.907480000000  168.563333333333  449.799666666667  440.700000000000  248.752666666667   51.483566666667
198407    1.903000000000  168.550322580645  449.835161290323  440.719354838710  248.767096774194   51.483774193548
198408    1.896603225806  168.481935483871  449.800967741936  440.688387096774  248.769677419355   51.481612903226
198409    1.892736666667  168.446333333333  449.791666666667  440.679000000000  248.774666666667   51.480500000000
198410    1.888961290323  168.399032258065  449.765483870968  440.655806451613  248.776451612903   51.478870967742
198411    1.888173333333  168.384666666667  449.740000000000  440.637666666667  248.770000000000   51.478033333333
198412    1.888296774194  168.405483870968  449.770000000000  440.659032258065  248.775806451613   51.478903225806
198501    1.886590322581  168.369032258064  449.737096774194  440.634193548387  248.772258064516   51.477677419355
198502    1.888146428571  168.393928571429  449.759642857143  440.651428571428  248.775000000000   51.478642857143
198503    1.888235483871  168.395161290323  449.763870967742  440.653870967742  248.775161290323   51.478806451613
198504    1.889210000000  168.383333333333  449.729666666667  440.631666666667  248.766000000000   51.477900000000
198505    1.891448387097  168.402580645161  449.728064516129  440.633548387097  248.761935483871   51.478161290323
198506    1.891380000000  168.421333333333  449.762666666667  440.657000000000  248.769333333333   51.479333333333
198507    1.892161290323  168.419677419355  449.743548387097  440.645483870968  248.764838709677   51.478838709677
198508    1.891329032258  168.430000000000  449.789354838710  440.674516129032  248.776451612903   51.480000000000
198509    1.889313333333  168.406333333333  449.779333333333  440.664000000000  248.779000000000   51.479366666667
198510    1.890174193548  168.395806451613  449.746129032258  440.642258064516  248.770645161290   51.478419354839
198511    1.888930000000  168.402000000000  449.764000000000  440.655333333333  248.773333333333   51.478833333333
198512    1.889409677419  168.416451612903  449.780967741936  440.667419354839  248.776774193548   51.479483870968
198601    1.888703225806  168.409032258064  449.780645161290  440.665806451613  248.778387096774   51.479193548387
198602    1.893803571429  168.423214285714  449.735357142857  440.641428571429  248.760000000000   51.478892857143
198603    1.892325806452  168.428064516129  449.772903225807  440.664516129032  248.772580645161   51.479741935484
198604    1.891520000000  168.414666666667  449.760000000000  440.654000000000  248.771000000000   51.479066666667
198605    1.890567741935  168.432903225806  449.797096774194  440.679032258064  248.779032258065   51.480064516129
198606    1.887003333333  168.397333333333  449.775000000000  440.660666666667  248.779333333333   51.478933333333
198607    1.888180645161  168.401935483871  449.767419354839  440.659032258065  248.775483870968   51.478935483871
198608    1.886074193548  168.378387096774  449.754193548387  440.645483870968  248.775483870968   51.478032258065
198609    1.887196666667  168.382000000000  449.765333333334  440.652666666667  248.779333333333   51.478500000000
198610    1.892245161290  168.414193548387  449.750967741935  440.647741935484  248.766129032258   51.478903225806
198611    1.891503333333  168.422000000000  449.779333333333  440.666666666667  248.775333333333   51.479600000000
198612    1.888125806452  168.390645161290  449.772580645161  440.657741935484  248.780000000000   51.478709677419
198701    1.886725806452  168.378387096774  449.761290322581  440.650645161290  248.778064516129   51.478354838710
198702    1.885485714286  168.365714285714  449.759642857143  440.646785714286  248.780000000000   51.477964285714
198703    1.886125806452  168.374838709677  449.755806451613  440.645806451613  248.776451612903   51.478000000000
198704    1.890013333333  168.379333333333  449.702333333333  440.615333333333  248.758333333333   51.477233333333
198705    1.892125806452  168.424516129032  449.749677419355  440.648064516129  248.763225806452   51.479096774194
198706    1.891050000000  168.443000000000  449.803000000000  440.683666666667  248.776666666667   51.480533333333
198707    1.893251612903  168.450322580645  449.789032258064  440.677096774194  248.772258064516   51.480483870968
198708    1.894858064516  168.436451612903  449.748387096774  440.648387096774  248.760000000000   51.479354838710
198709    1.893873333333  168.444666666667  449.785333333333  440.672333333333  248.771333333333   51.480266666667
198710    1.897564516129  168.468709677419  449.765483870968  440.663870967742  248.759354838710   51.480516129032
198711    1.900043333333  168.507333333333  449.801333333333  440.689666666667  248.763333333333   51.482100000000
198712    1.898045161290  168.498709677419  449.819032258065  440.699677419355  248.771612903226   51.482129032258
198801    1.904167741935  168.556774193548  449.828709677419  440.713870967742  248.761290322581   51.483806451613
198802    1.906462068966  168.583448275862  449.847931034483  440.727931034483  248.762413793103   51.484586206897
198803    1.908538709677  168.565483870968  449.775161290323  440.682903225807  248.743870967742   51.482967741935
198804    1.914836666667  168.630333333333  449.806666666667  440.710000000000  248.739333333333   51.485033333333
198805    1.916467741935  168.704516129032  449.925806451613  440.793548387097  248.763548387097   51.488870967742
198806    1.923343333333  168.670333333333  449.758666666667  440.686333333333  248.715666666667   51.485100000000
198807    1.923767741935  168.655806451613  449.688387096774  440.642580645161  248.696129032258   51.483451612903
198808    1.928822580645  168.742258064516  449.800967741935  440.721290322581  248.715161290323   51.487580645161
198809    1.935906666667  168.847666666667  449.922666666666  440.811000000000  248.734000000000   51.492600000000
198810    1.936145161290  168.798064516129  449.810645161290  440.734838709677  248.707096774194   51.489129032258
198811    1.933003333333  168.774000000000  449.823666666667  440.740333333333  248.716333333333   51.488933333333
198812    1.945364516129  168.854193548387  449.773870967742  440.720967741936  248.684193548387   51.490000000000
198901    1.954200000000  168.947741935484  449.788709677419  440.741612903226  248.668709677419   51.492129032258
198902    1.955289285714  169.011428571429  449.886428571429  440.810714285714  248.688571428571   51.495500000000
198903    1.949087096774  168.901290322581  449.793870967742  440.738064516129  248.680645161290   51.491258064516
198904    1.946513333333  168.924666666667  449.888000000000  440.800666666667  248.706666666667   51.493666666667
198905    1.956880645161  169.022580645161  449.959677419355  440.856774193548  248.711935483871   51.497354838710
198906    1.970443333333  168.998333333333  449.702000000000  440.697333333333  248.632000000000   51.492266666667
198907    1.960409677419  169.104838709677  450.073225806452  440.936129032258  248.730645161290   51.501483870968
198908    1.963438709677  168.983225806452  449.792258064516  440.749677419355  248.664838709677   51.493580645161
198909    1.961736666667  168.924666666667  449.706666666667  440.689333333333  248.649666666667   51.490733333333
198910    1.963516129032  169.090322580645  449.990000000000  440.884516129032  248.707419354839   51.499677419355
198911    1.969670000000  169.107333333333  449.922333333333  440.845666666667  248.682000000000   51.498833333333
198912    1.965454838710  169.079354838710  449.930322580645  440.846451612903  248.690322580645   51.498387096774
199001    1.961309677419  169.056451612903  449.948709677419  440.854516129032  248.701290322581   51.498096774194
199002    1.949621428571  168.958928571429  449.940714285714  440.836071428571  248.716785714286   51.495571428571
199003    1.949209677419  168.943870967742  449.918709677419  440.820000000000  248.712903225806   51.494806451613
199004    1.953033333333  169.019333333333  449.998666666667  440.879666666667  248.724000000000   51.497833333333
199005    1.948464516129  168.926774193548  449.890967741935  440.801290322581  248.707096774194   51.493838709677
199006    1.946733333333  168.959000000000  449.978666666667  440.859333333333  248.730000000000   51.496200000000
199007    1.947909677419  168.888709677419  449.830645161290  440.760322580645  248.696774193548   51.491838709677
199008    1.957245161290  168.883548387097  449.679032258065  440.667741935484  248.648709677419   51.489225806452
199009    1.952743333333  169.006000000000  449.971333333333  440.861000000000  248.717333333333   51.497133333333
199010    1.951577419355  168.948387096774  449.891290322581  440.804838709677  248.704838709677   51.494387096774
199011    1.939690000000  168.690666666667  449.611666666667  440.599666666667  248.665666666667   51.483400000000
199012    1.945412903226  168.844516129032  449.783548387097  440.726774193548  248.690322580645   51.490064516129
199101    1.953493548387  168.839354838710  449.637419354839  440.637419354839  248.644516129032   51.487290322581
199102    1.965635714286  168.976071428571  449.736428571429  440.715714285714  248.648928571429   51.492500000000
199103    1.969077419355  169.090645161290  449.868709677419  440.813548387097  248.669677419355   51.497516129032
199104    1.964973333333  169.143333333333  450.065000000000  440.940000000000  248.722333333333   51.502400000000
199105    1.957816129032  168.958064516129  449.833225806452  440.774193548387  248.686129032258   51.493935483871
199106    1.963220000000  168.976000000000  449.787000000000  440.750000000000  248.668000000000   51.493766666667
199107    1.970232258065  169.077741935484  449.871290322581  440.815161290323  248.674838709677   51.497451612903
199108    1.971519354839  169.075806451613  449.856451612903  440.806774193548  248.671290322581   51.497419354839
199109    1.963920000000  169.096000000000  450.010666666667  440.902000000000  248.715333333333   51.500500000000
199110    1.961487096774  168.922580645161  449.713225806452  440.698387096774  248.655161290323   51.491064516129
199111    1.953933333333  168.976666666667  449.934666666667  440.839666666667  248.716333333333   51.496233333333
199112    1.959309677419  168.853870967742  449.629354838710  440.637741935484  248.641935483871   51.488129032258
199201    1.971722580645  169.072580645161  449.862258064516  440.807741935484  248.672580645161   51.497387096774
199202    1.976751724138  169.094827586207  449.830344827586  440.792758620690  248.658965517241   51.497448275862
199203    1.960983870968  169.067419354839  450.020000000000  440.904193548387  248.725161290323   51.500225806452
199204    1.951353333333  168.964333333333  449.953333333333  440.848666666667  248.724000000000   51.496300000000
199205    1.935338709677  168.824193548387  449.934193548387  440.818064516129  248.745161290323   51.492580645161
199206    1.926650000000  168.753666666667  449.895333333333  440.784333333333  248.746666666667   51.489933333333
199207    1.928203225806  168.720645161290  449.795483870968  440.720000000000  248.720322580645   51.487354838710
199208    1.926374193548  168.680322580645  449.787419354839  440.709032258065  248.727096774194   51.486354838710
199209    1.924070000000  168.697666666667  449.849000000000  440.747666666667  248.744333333333   51.487900000000
199210    1.925012903226  168.662580645161  449.740322580645  440.677419354839  248.714838709677   51.485064516129
199211    1.930430000000  168.727000000000  449.781666666667  440.711333333333  248.715333333333   51.487233333333
199212    1.930312903226  168.778387096774  449.876774193548  440.776451612903  248.736129032258   51.490129032258
199301    1.923435483871  168.726774193548  449.890967741935  440.777096774194  248.750967741936   51.489129032258
199302    1.923910714286  168.632142857143  449.702857142857  440.651071428571  248.709285714286   51.483678571429
199303    1.927448387097  168.738709677419  449.840967741935  440.747741935484  248.731612903226   51.488387096774
199304    1.921330000000  168.700666666667  449.863333333333  440.757333333333  248.747333333333   51.487933333333
199305    1.915600000000  168.635806451613  449.825161290323  440.727096774194  248.747741935484   51.485870967742
199306    1.914543333333  168.633333333333  449.832000000000  440.729666666667  248.750333333333   51.485866666667
199307    1.908054838710  168.580967741936  449.822903225806  440.716129032258  248.756451612903   51.484290322581
199308    1.903148387097  168.529677419355  449.801935483871  440.695483870968  248.761290322581   51.482709677419
199309    1.897390000000  168.472333333333  449.781000000000  440.675000000000  248.766000000000   51.480866666667
199310    1.898209677419  168.444516129032  449.701935483871  440.622903225806  248.745483870968   51.478774193548
199311    1.897326666667  168.435333333333  449.706000000000  440.624666666667  248.748000000000   51.478733333333
199312    1.902587096774  168.503225806452  449.758064516129  440.666451612903  248.751935483871   51.481161290323
199401    1.903300000000  168.471612903226  449.674838709677  440.610645161290  248.731612903226   51.479000000000
199402    1.901717857143  168.517500000000  449.795357142857  440.688571428571  248.761071428572   51.482107142857
199403    1.899064516129  168.504838709677  449.816774193548  440.701612903226  248.770645161290   51.482290322581
199404    1.891406666667  168.422000000000  449.771666666667  440.662666666667  248.773333333333   51.479400000000
199405    1.891793548387  168.415161290323  449.749354838710  440.646451612903  248.766774193548   51.478806451613
199406    1.890083333333  168.405666666667  449.756333333333  440.650000000000  248.770666666667   51.478666666667
199407    1.891993548387  168.414516129032  449.744838709677  440.644838709677  248.766451612903   51.478806451613
199408    1.888458064516  168.385806451613  449.740000000000  440.636774193548  248.769032258065   51.477870967742
199409    1.889106666667  168.374666666667  449.705666666667  440.613333333333  248.759333333333   51.476900000000
199410    1.893058064516  168.416451612903  449.725483870968  440.632580645161  248.757419354839   51.478516129032
199411    1.890590000000  168.414000000000  449.764000000000  440.657333333333  248.772333333333   51.479100000000
199412    1.891809677419  168.406451612903  449.730967741936  440.635806451613  248.762903225806   51.478387096774
199501    1.890019354839  168.410645161290  449.764516129032  440.655483870968  248.771935483871   51.478935483871
199502    1.893539285714  168.432500000000  449.756428571429  440.654285714286  248.765000000000   51.479428571429
199503    1.891845161290  168.404193548387  449.731290322581  440.635483870968  248.763225806452   51.478290322581
199504    1.887770000000  168.376333333333  449.731666666667  440.630000000000  248.768333333333   51.477600000000
199505    1.887006451613  168.367096774194  449.727741935484  440.628064516129  248.769677419355   51.477322580645
199506    1.887626666667  168.380000000000  449.744333333333  440.639333333333  248.772000000000   51.477966666667
199507    1.888006451613  168.377096774194  449.735161290322  440.633548387097  248.769354838710   51.477774193548
199508    1.887364516129  168.383870967742  449.754193548387  440.645483870968  248.775161290323   51.478225806452
199509    1.885530000000  168.361333333333  449.739333333333  440.634333333333  248.775000000000   51.477433333333
199510    1.886832258065  168.359677419355  449.714193548387  440.617741935484  248.765806451613   51.476903225806
199511    1.884340000000  168.346666666667  449.724000000000  440.621333333333  248.772333333333   51.476766666667
199512    1.882177419355  168.322903225806  449.715806451613  440.614838709678  248.775161290323   51.476032258065
199601    1.882148387097  168.323870967742  449.714838709677  440.612580645161  248.775483870968   51.475935483871
199602    1.879058620690  168.297931034483  449.707241379310  440.604137931035  248.777931034483   51.475034482759
199603    1.878225806452  168.280322580645  449.688387096774  440.590322580645  248.774516129032   51.474354838710
199604    1.877890000000  168.282666666667  449.699666666667  440.598333333333  248.778333333333   51.474733333333
199605    1.880477419355  168.305483870968  449.705483870968  440.605161290323  248.774516129032   51.475290322581
199606    1.880876666667  168.312000000000  449.707000000000  440.605666666667  248.773000000000   51.475533333333
199607    1.881796774194  168.315161290323  449.697419354839  440.601935483871  248.771935483871   51.475322580645
199608    1.882712903226  168.326129032258  449.705161290323  440.607096774194  248.768064516129   51.475709677419
199609    1.881466666667  168.323666666667  449.724000000000  440.618333333333  248.778000000000   51.476066666667
199610    1.879319354839  168.300000000000  449.709354838710  440.606451612903  248.778709677419   51.475290322581
199611    1.882033333333  168.295666666667  449.662333333333  440.576666666667  248.763000000000   51.474200000000
199612    1.884400000000  168.351612903226  449.732903225806  440.628387096774  248.773870967742   51.476935483871
199701    1.881693548387  168.324838709677  449.723870967742  440.620000000000  248.778064516129   51.476129032258
199702    1.881421428571  168.320000000000  449.720714285714  440.616785714286  248.777500000000   51.476035714286
199703    1.882058064516  168.330645161290  449.725806451613  440.620967741936  248.777096774194   51.476354838710
199704    1.881823333333  168.320000000000  449.714333333333  440.612000000000  248.775333333333   51.475866666667
199705    1.884400000000  168.350000000000  449.730645161290  440.626129032258  248.773870967742   51.477000000000
199706    1.883493333333  168.341000000000  449.730333333333  440.624333333333  248.775333333333   51.476633333333
199707    1.882874193548  168.341935483871  449.736774193548  440.629032258064  248.777741935484   51.476838709677
199708    1.886848387097  168.378709677419  449.745483870968  440.639032258064  248.772580645161   51.477838709677
199709    1.893343333333  168.408666666667  449.702666666667  440.616333333333  248.750666666667   51.477700000000
199710    1.891187096774  168.435806451613  449.792903225807  440.676129032258  248.777096774194   51.480129032258
199711    1.896043333333  168.446333333333  449.740666666667  440.645333333333  248.756333333333   51.479466666667
199712    1.896193548387  168.457419354839  449.754838709677  440.656129032258  248.759354838710   51.479935483871
199801    1.895254838710  168.469354838710  449.798387096774  440.681935483871  248.769354838710   51.481032258064
199802    1.892757142857  168.427500000000  449.757500000000  440.652500000000  248.766428571429   51.479250000000
199803    1.897658064516  168.452903225806  449.721290322581  440.632903225807  248.747419354839   51.479161290323
199804    1.904126666667  168.549666666667  449.809333333333  440.700666666667  248.757333333333   51.483166666667
199805    1.903241935484  168.520322580645  449.769354838710  440.671612903226  248.749354838710   51.481677419355
199806    1.906893333333  168.563666666667  449.802000000000  440.697333333333  248.751666666667   51.483300000000
199807    1.915806451613  168.660322580645  449.852903225806  440.740967741935  248.749032258065   51.486516129032
199808    1.918229032258  168.631290322581  449.754516129032  440.676774193548  248.722903225806   51.484032258065
199809    1.920896666667  168.668000000000  449.790666666667  440.704000000000  248.727000000000   51.485500000000
199810    1.915200000000  168.674193548387  449.898709677419  440.772903225806  248.761935483871   51.487774193548
199811    1.920183333333  168.682000000000  449.833333333333  440.732000000000  248.737666666667   51.486566666667
199812    1.926541935484  168.762258064516  449.878064516129  440.770645161290  248.736129032258   51.489451612903
199901    1.926016129032  168.788064516129  449.956451612903  440.822903225806  248.756451612903   51.491451612903
199902    1.917314285714  168.660357142857  449.831785714286  440.727500000000  248.741071428571   51.486178571429
199903    1.915203225806  168.664516129032  449.876129032258  440.756774193548  248.754838709678   51.487096774194
199904    1.909676666667  168.603666666667  449.844333333333  440.730000000000  248.757666666667   51.485100000000
199905    1.925777419355  168.739677419355  449.856774193548  440.751935483871  248.732903225806   51.488290322581
199906    1.934253333333  168.786333333333  449.817333333333  440.741000000000  248.713000000000   51.489200000000
199907    1.932958064516  168.783548387097  449.830322580645  440.745483870968  248.716451612903   51.489193548387
199908    1.933754838710  168.808064516129  449.866129032258  440.771935483871  248.722580645161   51.490483870968
199909    1.923930000000  168.757333333333  449.929333333333  440.803666666667  248.755666666667   51.490400000000
199910    1.929380645161  168.717741935484  449.755806451613  440.694838709678  248.709032258064   51.486677419355
199911    1.937040000000  168.764666666667  449.728000000000  440.685666666667  248.689666666667   51.487400000000
199912    1.936835483871  168.807419354839  449.815806451613  440.740967741936  248.709677419355   51.489548387097
200001    1.936706451613  168.867096774194  449.951290322581  440.831612903226  248.740322580645   51.493516129032
200002    1.939544827586  168.861034482759  449.884137931034  440.791034482759  248.720689655172   51.492068965517
200003    1.947770967742  168.852903225806  449.731935483871  440.698709677419  248.672903225806   51.489354838710
200004    1.949076666667  168.915333333333  449.846000000000  440.775666666667  248.696666666667   51.492766666667
200005    1.938496774194  168.797741935484  449.768064516129  440.710645161290  248.694838709677   51.488548387097
200006    1.940680000000  168.825333333333  449.788666666667  440.725000000000  248.695333333333   51.489166666667
200007    1.952112903226  168.919354838710  449.804516129032  440.752903225806  248.683225806452   51.492645161290
200008    1.945941935484  168.949677419355  449.972580645161  440.857096774194  248.731290322581   51.495967741935
200009    1.940273333333  168.815333333333  449.787333333333  440.730333333333  248.698666666667   51.489800000000
200010    1.944270967742  168.959677419355  450.020967741936  440.888387096774  248.744838709677   51.497032258065
200011    1.948043333333  168.935666666667  449.911666666667  440.820333333333  248.715666666667   51.494600000000
200012    1.945461290323  168.934193548387  449.957741935484  440.848064516129  248.731612903226   51.495419354839
200101    1.939954838710  168.890322580645  449.955161290323  440.842580645161  248.739354838710   51.494612903226
200102    1.935267857143  168.868214285714  449.987500000000  440.855714285714  248.751785714286   51.494428571429
200103    1.933906451613  168.763548387097  449.778064516129  440.713870967742  248.705806451613   51.487903225806
200104    1.935656666667  168.759333333333  449.733333333333  440.680666666667  248.691333333333   51.486633333333
200105    1.933412903226  168.807741935484  449.879354838710  440.780322580645  248.730000000000   51.490645161290
200106    1.940783333333  168.832333333333  449.814000000000  440.744333333333  248.704000000000   51.490166666667
200107    1.928667741935  168.792258064516  449.926451612903  440.807419354839  248.748064516129   51.491161290323
200108    1.931393548387  168.757096774194  449.806451612903  440.727419354839  248.715483870968   51.488096774194
200109    1.951946666667  168.872000000000  449.701333333333  440.680000000000  248.657666666667   51.488966666667
200110    1.957103225806  168.983548387097  449.858709677419  440.793548387097  248.688064516129   51.494774193548
200111    1.952240000000  168.919666666667  449.802333333333  440.750333333333  248.682000000000   51.492100000000
200112    1.966258064516  169.073870967742  449.905161290323  440.836451612903  248.685806451613   51.497967741935
200201    1.974083870968  169.195483870968  450.033548387097  440.931612903226  248.704838709677   51.503129032258
200202    1.963985714286  169.102857142857  450.009285714286  440.903928571429  248.715357142857   51.500357142857
200203    1.952890322581  169.001290322581  449.976129032258  440.868387096774  248.722903225806   51.497322580645
200204    1.950716666667  168.900666666667  449.799666666667  440.747000000000  248.686333333333   51.491833333333
200205    1.947941935484  168.894193548387  449.822903225806  440.757096774194  248.694193548387   51.491580645161
200206    1.938140000000  168.830000000000  449.855000000000  440.768333333333  248.718333333333   51.490533333333
200207    1.931341935484  168.680322580645  449.646129032258  440.623225806452  248.680000000000   51.483612903226
200208    1.937861290323  168.771612903226  449.725161290322  440.679354838710  248.685806451613   51.486967741935
200209    1.939203333333  168.797666666667  449.764333333333  440.710333333333  248.694000000000   51.488700000000
200210    1.936735483871  168.784516129032  449.777741935484  440.714838709677  248.701612903226   51.488354838710
200211    1.934600000000  168.767333333333  449.774666666667  440.710000000000  248.703333333333   51.487833333333
200212    1.937735483871  168.863548387097  449.934193548387  440.822258064516  248.737419354839   51.493064516129
200301    1.929783870968  168.784193548387  449.899677419355  440.790322580645  248.741612903226   51.490580645161
200302    1.918557142857  168.700000000000  449.907857142857  440.785714285714  248.761785714286   51.488750000000
200303    1.918945161290  168.632580645161  449.752903225806  440.678387096774  248.724516129032   51.483967741935
200304    1.916540000000  168.610000000000  449.750000000000  440.675666666667  248.727000000000   51.483633333333
200305    1.910416129032  168.567419354839  449.760967741935  440.675161290323  248.739677419355   51.482870967742
200306    1.911706666667  168.553000000000  449.708666666667  440.641333333333  248.725000000000   51.481466666667
200307    1.918751612903  168.630000000000  449.759677419355  440.685161290323  248.726774193548   51.484419354839
200308    1.917200000000  168.637419354839  449.796774193548  440.709032258065  248.739032258064   51.485419354839
200309    1.912596666667  168.620333333333  449.838666666667  440.731666666667  248.754666666667   51.485600000000
200310    1.909993548387  168.411935483871  449.432580645161  440.450967741935  248.663870967742   51.473161290323
200311    1.915516666667  168.588333333333  449.710666666667  440.644000000000  248.718000000000   51.481900000000
200312    1.910267741935  168.580967741936  449.791935483871  440.697741935484  248.747741935484   51.483677419355
200401    1.906564516129  168.519354838710  449.731612903226  440.653870967742  248.740322580645   51.481419354839
200402    1.905641379310  168.522413793103  449.749655172414  440.664827586207  248.746896551724   51.481586206897
200403    1.905219354839  168.523870967742  449.752580645161  440.665483870968  248.746774193548   51.481677419355
200404    1.903153333333  168.515666666667  449.778333333333  440.681000000000  248.757000000000   51.482000000000
200405    1.898867741935  168.455806451613  449.719677419355  440.637096774194  248.750000000000   51.479483870968
200406    1.898483333333  168.454333333333  449.715666666667  440.633666666667  248.748333333333   51.479266666667
200407    1.901138709677  168.426774193548  449.615483870968  440.568064516129  248.720967741936   51.476903225806
200408    1.900883870968  168.436129032258  449.642580645161  440.585483870968  248.728387096774   51.477548387097
200409    1.900610000000  168.484333333333  449.751000000000  440.658333333333  248.754000000000   51.480566666667
200410    1.900416129032  168.474193548387  449.735806451613  440.649354838710  248.750645161290   51.480225806452
200411    1.901433333333  168.462000000000  449.689666666667  440.618333333333  248.738666666667   51.479033333333
200412    1.898519354839  168.478709677419  449.775161290323  440.670967741935  248.762258064516   51.480709677419
200501    1.895645161290  168.378709677419  449.605161290323  440.553548387097  248.726451612903   51.475032258065
200502    1.896517857143  168.436785714286  449.717142857143  440.629642857143  248.751428571429   51.478750000000
200503    1.891229032258  168.390322580645  449.708064516129  440.620000000000  248.759032258065   51.477645161290
200504    1.889626666667  168.372333333333  449.697333333333  440.610333333333  248.757333333333   51.476900000000
200505    1.894748387097  168.393225806452  449.657741935484  440.588387096774  248.741290322581   51.476645161290
200506    1.892126666667  168.371000000000  449.653666666667  440.584000000000  248.745000000000   51.476166666667
200507    1.894051612903  168.392903225806  449.667741935484  440.595806451613  248.744516129032   51.477000000000
200508    1.894325806452  168.416129032258  449.712903225806  440.624838709677  248.754516129032   51.478161290323
200509    1.889526666667  168.351000000000  449.650666666667  440.578000000000  248.747666666667   51.475433333333
200510    1.883829032258  168.334516129032  449.716129032258  440.615161290323  248.770000000000   51.476419354839
200511    1.884810000000  168.319333333333  449.661666666667  440.579666666667  248.758000000000   51.474866666667
200512    1.889964516129  168.366451612903  449.677741935484  440.597419354839  248.753870967742   51.476387096774
200601    1.886793548387  168.361935483871  449.722903225806  440.623870967742  248.767419354839   51.477000000000
200602    1.881942857143  168.320357142857  449.713928571428  440.613214285714  248.773571428572   51.475892857143
200603    1.880232258065  168.296451612903  449.691612903226  440.596129032258  248.770000000000   51.474903225806
200604    1.887590000000  168.339666666667  449.663333333333  440.586000000000  248.754666666667   51.475633333333
200605    1.887451612903  168.364516129032  449.719677419355  440.623225806452  248.767741935484   51.477032258065
200606    1.883893333333  168.327666666667  449.696666666666  440.603000000000  248.767000000000   51.475733333333
200607    1.883296774194  168.313225806452  449.678709677419  440.590000000000  248.763870967742   51.475032258065
200608    1.881300000000  168.279354838710  449.637419354839  440.558387096774  248.757096774194   51.473354838710
200609    1.880223333333  168.293000000000  449.682000000000  440.588000000000  248.768666666667   51.474500000000
200610    1.877938709677  168.272580645161  449.680967741935  440.585161290323  248.771935483871   51.474096774194
200611    1.881846666667  168.269333333333  449.605333333333  440.538333333333  248.748666666667   51.472566666667
200612    1.881396774194  168.279677419355  449.634838709678  440.559677419355  248.756129032258   51.473451612903
200701    1.882074193548  168.287419354839  449.640967741936  440.564193548387  248.757096774194   51.473806451613
200702    1.879432142857  168.273214285714  449.654642857143  440.570357142857  248.763571428572   51.473714285714
200703    1.876683870968  168.259677419355  449.671612903226  440.578709677419  248.771290322581   51.473774193548
200704    1.875853333333  168.245000000000  449.654000000000  440.564666666667  248.768333333333   51.472866666667
200705    1.877312903226  168.250967741936  449.644838709678  440.561290322581  248.765161290323   51.473032258064
200706    1.879703333333  168.283666666667  449.672333333333  440.581666666667  248.767000000000   51.474200000000
200707    1.878254838710  168.262903225806  449.653225806452  440.567741935484  248.765483870968   51.473258064516
200708    1.876232258065  168.254838709677  449.669354838710  440.575161290322  248.772258064516   51.473387096774
200709    1.873093333333  168.222000000000  449.653000000000  440.562666666667  248.772000000000   51.472233333333
200710    1.872590322581  168.218064516129  449.649677419355  440.558387096774  248.770000000000   51.472129032258
200711    1.872300000000  168.213333333333  449.648666666666  440.558000000000  248.770666666667   51.472066666667
200712    1.875403225806  168.240967741935  449.655806451613  440.566774193548  248.768709677419   51.472967741935
200801    1.876232258065  168.257096774194  449.673870967742  440.579032258064  248.772580645162   51.473516129032
200802    1.874662068966  168.238275862069  449.662413793103  440.568620689655  248.771724137931   51.472862068965
200803    1.874880645161  168.226774193548  449.635161290323  440.551935483871  248.764838709677   51.472290322581
200804    1.874790000000  168.239666666667  449.661666666667  440.567666666667  248.771333333333   51.472800000000
200805    1.873990322581  168.231612903226  449.658709677419  440.566129032258  248.772580645161   51.472870967742
200806    1.872556666667  168.216333333333  449.650333333333  440.559000000000  248.771000000000   51.472100000000
200807    1.871522580645  168.205806451613  449.642258064516  440.552903225806  248.770645161290   51.471838709677
200808    1.871206451613  168.200967741935  449.642258064516  440.551612903226  248.770645161291   51.471645161290
200809    1.870430000000  168.195000000000  449.636666666666  440.548000000000  248.771000000000   51.471233333333
200810    1.871254838710  168.202258064516  449.641290322580  440.551290322580  248.770645161291   51.471612903226
200811    1.872243333333  168.213666666667  449.647333333333  440.556000000000  248.770333333334   51.471933333333
200812    1.871703225806  168.209354838710  449.647419354839  440.557096774193  248.770967741936   51.471935483871
200901    1.872319354839  168.214838709677  449.650967741935  440.560967741935  248.775161290323   51.472193548387
200902    1.871821428571  168.211428571429  449.647500000000  440.557142857143  248.771428571429   51.472035714286
200903    1.871554838710  168.206451612903  449.644516129032  440.553548387097  248.770967741936   51.471774193548
200904    1.871360000000  168.203666666667  449.642666666667  440.552000000000  248.771666666667   51.471666666667
200905    1.873812903226  168.231290322581  449.659677419355  440.567096774193  248.772258064516   51.472645161290
200906    1.873493333333  168.228666666667  449.658333333333  440.565000000000  248.771000000000   51.472200000000
200907    1.872509677419  168.213225806452  449.645806451613  440.554838709677  248.770000000000   51.471870967742
200908    1.871216129032  168.203548387097  449.644516129032  440.553870967742  248.770322580645   51.471677419355
200909    1.872346666667  168.214000000000  449.649333333333  440.558333333333  248.771333333333   51.472100000000
200910    1.872616129032  168.217096774193  449.648064516129  440.557741935484  248.771612903226   51.472064516129
200911    1.874680000000  168.242000000000  449.668333333333  440.574000000000  248.774333333333   51.473033333333
200912    1.875645161290  168.245806451613  449.660645161290  440.569677419355  248.770645161290   51.473129032258
201001    1.878851612903  168.282258064516  449.680967741936  440.586774193549  248.770967741936   51.474419354839
201002    1.882582142857  168.327142857143  449.712857142857  440.612142857143  248.771785714286   51.476071428571
201003    1.882190322581  168.310322580645  449.684516129032  440.591935483871  248.765806451613   51.475096774194
201004    1.880516666667  168.305666666667  449.702666666667  440.603000000000  248.772666666667   51.475266666667
201005    1.878538709677  168.281935483871  449.689354838710  440.592903225806  248.772258064516   51.474516129032
201006    1.877476666667  168.269666666667  449.679333333333  440.584666666667  248.772333333333   51.473933333333
201007    1.882480645161  168.318387096774  449.698387096774  440.602580645161  248.767741935484   51.475451612903
201008    1.883490322581  168.321290322581  449.686774193548  440.596451612903  248.766129032258   51.475483870968
201009    1.885846666667  168.343666666667  449.693666666667  440.602000000000  248.762666666667   51.476066666667
201010    1.883041935484  168.311290322581  449.671612903226  440.583870967742  248.760967741936   51.474774193548
201011    1.883106666667  168.324666666667  449.700000000000  440.604000000000  248.767666666667   51.475766666667
201012    1.882596774194  168.312258064516  449.679677419355  440.588387096774  248.763225806452   51.474903225806
201101    1.881425806452  168.306129032258  449.687741935484  440.592580645161  248.767096774194   51.474806451613
201102    1.884714285714  168.328214285714  449.677142857143  440.591071428571  248.760357142857   51.475500000000
201103    1.894935483871  168.408064516129  449.675161290323  440.599032258064  248.741612903226   51.477258064516
201104    1.902733333333  168.514333333333  449.770333333333  440.673333333333  248.751666666667   51.481633333333
201105    1.895480645161  168.457741935484  449.775161290323  440.668064516129  248.766129032258   51.480322580645
201106    1.896643333333  168.457666666667  449.758333333333  440.658000000000  248.761333333333   51.480000000000
201107    1.893941935484  168.421290322581  449.726129032258  440.633225806452  248.757741935484   51.478516129032
201108    1.896061290323  168.419354838710  449.686451612903  440.610000000000  248.744838709677   51.477903225806
201109    1.907500000000  168.506666666667  449.676333333333  440.615333333333  248.723000000000   51.479733333333
201110    1.914435483871  168.580967741936  449.717419354839  440.650322580645  248.722258064516   51.482322580645
201111    1.922893333333  168.671333333333  449.766000000000  440.692000000000  248.720333333333   51.485500000000
201112    1.918803225806  168.658064516129  449.804516129032  440.714516129032  248.735483870968   51.485677419355
201201    1.911451612903  168.587096774194  449.779354838710  440.688709677419  248.740000000000   51.483483870968
201202    1.900427586207  168.502758620690  449.786551724138  440.680689655172  248.760000000000   51.481689655172
201203    1.900548387097  168.475806451613  449.726774193548  440.639677419355  248.746451612903   51.479967741935
201204    1.902526666667  168.505000000000  449.754666666667  440.662666666666  248.749333333333   51.481200000000
201205    1.906709677419  168.509677419355  449.697096774193  440.628064516129  248.730645161290   51.480225806452
201206    1.906676666667  168.528666666667  449.737666666667  440.655333333333  248.740666666667   51.481466666667
201207    1.907016129032  168.487741935484  449.641612903226  440.588064516129  248.714516129032   51.478483870968
201208    1.907477419355  168.557741935484  449.783870967742  440.685806451613  248.747419354839   51.483000000000
201209    1.911260000000  168.604000000000  449.819000000000  440.715666666667  248.751000000000   51.484700000000
201210    1.908000000000  168.549354838710  449.757419354839  440.670322580645  248.741612903226   51.482258064516
201211    1.906153333333  168.538666666667  449.767000000000  440.674666666667  248.747333333333   51.482166666667
201212    1.901203225806  168.501290322581  449.775483870968  440.676129032258  248.758387096774   51.481483870968
201301    1.908496774194  168.537741935484  449.723548387097  440.647419354839  248.732258064516   51.481322580645
201302    1.899196428571  168.485357142857  449.768928571429  440.667500000000  248.758928571429   51.480857142857
201303    1.902377419355  168.512580645161  449.776774193548  440.677741935484  248.755483870968   51.481806451613
201304    1.907816666667  168.531666666667  449.726000000000  440.648333333333  248.734333333333   51.481200000000
201305    1.919045161290  168.646129032258  449.784516129032  440.700000000000  248.731935483871   51.485161290323
201306    1.915000000000  168.690000000000  449.940000000000  440.800000000000  248.770000000000   51.489000000000
201307    1.915000000000  168.690000000000  449.940000000000  440.800000000000  248.770000000000   51.489000000000
201308    1.915000000000  168.690000000000  449.940000000000  440.800000000000  248.770000000000   51.489000000000
201309    1.915000000000  168.690000000000  449.940000000000  440.800000000000  248.770000000000   51.489000000000
201310    1.915000000000  168.690000000000  449.940000000000  440.800000000000  248.770000000000   51.489000000000
201311    1.915000000000  168.690000000000  449.940000000000  440.800000000000  248.770000000000   51.489000000000
201312    1.915000000000  168.690000000000  449.940000000000  440.800000000000  248.770000000000   51.489000000000
