197501    1.871808333333  169.839166666667  449.452500000000  439.221666666667  248.768333333333   51.338916666667
197502    1.871233333333  169.831666666667  449.437500000000  439.211666666667  248.766666666667   51.338500000000
197503    1.871400000000  169.827500000000  449.429166666667  439.205000000000  248.765833333333   51.338083333333
197504    1.871308333333  169.820833333333  449.421666666667  439.200000000000  248.762500000000   51.337750000000
197505    1.871891666667  169.825000000000  449.425000000000  439.201666666667  248.762500000000   51.338083333333
197506    1.871725000000  169.822500000000  449.422500000000  439.200000000000  248.762500000000   51.337916666667
197507    1.871341666667  169.813333333333  449.407500000000  439.189166666667  248.759166666667   51.337500000000
197508    1.871133333333  169.810833333333  449.403333333333  439.185833333333  248.758333333333   51.337166666667
197509    1.871033333333  169.817500000000  449.417500000000  439.195833333333  248.761666666667   51.337500000000
197510    1.870475000000  169.810000000000  449.406666666667  439.190833333333  248.760833333333   51.337250000000
197511    1.870616666667  169.819166666667  449.421666666667  439.201666666667  248.763333333333   51.337583333333
197512    1.870366666667  169.820000000000  449.425000000000  439.204166666667  248.763333333333   51.337583333333
197601    1.873083333333  169.843333333333  449.451666666667  439.219166666667  248.768333333333   51.339166666667
197602    1.873016666667  169.846666666667  449.455833333333  439.221666666667  248.769166666667   51.339416666667
197603    1.873016666667  169.846666666667  449.459166666667  439.225833333333  248.767500000000   51.339583333333
197604    1.872791666667  169.847500000000  449.459166666667  439.226666666667  248.768333333333   51.339500000000
197605    1.872416666667  169.845833333333  449.457500000000  439.224166666667  248.769166666667   51.339333333333
197606    1.872541666667  169.847500000000  449.460000000000  439.225833333333  248.770833333333   51.339416666667
197607    1.872208333333  169.846666666667  449.458333333333  439.225833333333  248.770000000000   51.339166666667
197608    1.872050000000  169.840833333333  449.453333333333  439.223333333333  248.769166666667   51.339000000000
197609    1.872916666667  169.849166666667  449.465000000000  439.229166666667  248.770833333333   51.339666666667
197610    1.873283333333  169.850000000000  449.461666666667  439.226666666667  248.770833333333   51.339583333333
197611    1.873800000000  169.852500000000  449.465833333333  439.229166666667  248.769166666667   51.339666666667
197612    1.874300000000  169.858333333333  449.473333333333  439.233333333333  248.771666666667   51.340083333333
197701    1.880625000000  169.899166666667  449.517500000000  439.261666666667  248.777500000000   51.342750000000
197702    1.882241666667  169.914166666667  449.540000000000  439.275000000000  248.780833333333   51.343750000000
197703    1.883550000000  169.915000000000  449.536666666667  439.272500000000  248.778333333333   51.344333333333
197704    1.882841666667  169.911666666667  449.532500000000  439.267500000000  248.778333333333   51.343916666667
197705    1.882433333333  169.910000000000  449.530833333333  439.268333333333  248.777500000000   51.343916666667
197706    1.881575000000  169.901666666667  449.520833333333  439.261666666667  248.775000000000   51.343333333333
197707    1.883033333333  169.919166666667  449.544166666667  439.279166666667  248.780000000000   51.344333333333
197708    1.882650000000  169.913333333333  449.534166666667  439.270833333333  248.777500000000   51.343833333333
197709    1.883916666667  169.918333333333  449.540000000000  439.274166666667  248.780000000000   51.344416666667
197710    1.884458333333  169.920833333333  449.542500000000  439.275000000000  248.780000000000   51.344583333333
197711    1.884425000000  169.920833333333  449.542500000000  439.275000000000  248.778333333333   51.344416666667
197712    1.883216666667  169.903333333333  449.520000000000  439.259166666667  248.775000000000   51.343583333333
197801    1.915133333333  170.102500000000  449.734166666667  439.385833333333  248.795833333333   51.357333333333
197802    1.915800000000  170.079166666667  449.691666666667  439.350833333333  248.785000000000   51.356000000000
197803    1.914075000000  170.063333333333  449.670000000000  439.340000000000  248.783333333333   51.354916666667
197804    1.912891666667  170.051666666667  449.655833333333  439.330833333333  248.779166666667   51.354250000000
197805    1.912891666667  170.060833333333  449.671666666667  439.343333333333  248.785000000000   51.354833333333
197806    1.913083333333  170.071666666667  449.689166666667  439.355000000000  248.786666666667   51.355500000000
197807    1.912058333333  170.068333333333  449.687500000000  439.355000000000  248.787500000000   51.355083333333
197808    1.910591666667  170.032500000000  449.630000000000  439.315000000000  248.776666666667   51.353000000000
197809    1.912608333333  170.038333333333  449.629166666667  439.311666666667  248.772500000000   51.353583333333
197810    1.911975000000  170.005833333333  449.580833333333  439.278333333333  248.762500000000   51.351750000000
197811    1.910333333333  169.961666666667  449.506666666667  439.225000000000  248.749166666667   51.349000000000
197812    1.912508333333  169.989166666667  449.546666666667  439.252500000000  248.755833333333   51.350750000000
197901    1.938800000000  170.187500000000  449.788333333333  439.401666666667  248.785833333333   51.364000000000
197902    1.940358333333  170.209166666667  449.819166666667  439.424166666667  248.791666666667   51.365666666667
197903    1.941541666667  170.180000000000  449.764166666667  439.382500000000  248.780833333333   51.363916666667
197904    1.941883333333  170.182500000000  449.767500000000  439.385000000000  248.781666666667   51.363916666667
197905    1.942633333333  170.202500000000  449.798333333333  439.406666666667  248.785833333333   51.365250000000
197906    1.942733333333  170.192500000000  449.781666666667  439.393333333333  248.783333333333   51.364666666667
197907    1.944400000000  170.190000000000  449.767500000000  439.383333333333  248.777500000000   51.364750000000
197908    1.944983333333  170.188333333333  449.764166666667  439.379166666667  248.775833333333   51.364833333333
197909    1.944491666667  170.165833333333  449.721666666667  439.350833333333  248.766666666667   51.363500000000
197910    1.943716666667  170.156666666667  449.715833333333  439.347500000000  248.766666666667   51.362916666667
197911    1.943175000000  170.157500000000  449.718333333333  439.350000000000  248.767500000000   51.363000000000
197912    1.944016666667  170.200000000000  449.790833333333  439.397500000000  248.783333333333   51.365250000000
198001    1.939800000000  170.195000000000  449.799166666667  439.408333333333  248.788333333333   51.364583333333
198002    1.939725000000  170.181666666667  449.774166666667  439.390833333333  248.781666666667   51.363916666667
198003    1.940225000000  170.197500000000  449.800833333333  439.409166666667  248.790000000000   51.364583333333
198004    1.939500000000  170.176666666667  449.766666666667  439.385833333333  248.782500000000   51.363666666667
198005    1.940375000000  170.205000000000  449.811666666667  439.418333333333  248.791666666667   51.365083333333
198006    1.939441666667  170.177500000000  449.770000000000  439.386666666667  248.780833333333   51.363583333333
198007    1.938466666667  170.174166666667  449.767500000000  439.385833333333  248.780833333333   51.363166666667
198008    1.938025000000  170.131666666667  449.695000000000  439.335833333333  248.767500000000   51.361000000000
198009    1.938825000000  170.140833333333  449.710000000000  439.345833333333  248.770000000000   51.361750000000
198010    1.939133333333  170.163333333333  449.743333333333  439.370000000000  248.776666666667   51.362833333333
198011    1.940758333333  170.158333333333  449.728333333333  439.357500000000  248.771666666667   51.362833333333
198012    1.942175000000  170.159166666667  449.722500000000  439.353333333333  248.769166666667   51.362750000000
198101    1.947558333333  170.250833333333  449.863333333333  439.448333333333  248.795833333333   51.368250000000
198102    1.947941666667  170.242500000000  449.850000000000  439.439166666667  248.791666666667   51.368083333333
198103    1.947841666667  170.252500000000  449.864166666667  439.450000000000  248.797500000000   51.368583333333
198104    1.946658333333  170.248333333333  449.865000000000  439.450000000000  248.797500000000   51.368416666667
198105    1.945941666667  170.249166666667  449.867500000000  439.451666666667  248.798333333333   51.368083333333
198106    1.945808333333  170.247500000000  449.865000000000  439.450000000000  248.796666666667   51.368000000000
198107    1.945516666667  170.225833333333  449.828333333333  439.424166666667  248.790000000000   51.366666666667
198108    1.945566666667  170.215000000000  449.810833333333  439.413333333333  248.785833333333   51.366250000000
198109    1.944925000000  170.185833333333  449.762500000000  439.376666666667  248.775833333333   51.364666666667
198110    1.945433333333  170.189166666667  449.765000000000  439.380000000000  248.775833333333   51.364833333333
198111    1.944891666667  170.175000000000  449.740000000000  439.362500000000  248.769166666667   51.364083333333
198112    1.944333333333  170.185833333333  449.763333333333  439.378333333333  248.775000000000   51.364500000000
198201    1.934108333333  170.140000000000  449.725833333333  439.361666666667  248.775833333333   51.361166666667
198202    1.933908333333  170.164166666667  449.768333333333  439.390000000000  248.785833333333   51.362333333333
198203    1.934491666667  170.181666666667  449.796666666667  439.411666666667  248.794166666667   51.363416666667
198204    1.934175000000  170.187500000000  449.806666666667  439.420833333333  248.794166666667   51.363833333333
198205    1.933241666667  170.156666666667  449.754166666667  439.384166666667  248.784166666667   51.361833333333
198206    1.933775000000  170.175000000000  449.785833333333  439.404166666667  248.790833333333   51.362833333333
198207    1.934191666667  170.173333333333  449.781666666667  439.401666666667  248.789166666667   51.362916666667
198208    1.932225000000  170.144166666667  449.737500000000  439.371666666667  248.782500000000   51.361166666667
198209    1.932966666667  170.151666666667  449.750000000000  439.378333333333  248.782500000000   51.361583333333
198210    1.931800000000  170.118333333333  449.693333333333  439.341666666667  248.772500000000   51.359750000000
198211    1.930525000000  170.073333333333  449.620000000000  439.290833333333  248.757500000000   51.357000000000
198212    1.929633333333  170.063333333333  449.610000000000  439.281666666667  248.755833333333   51.356583333333
198301    1.906558333333  170.027500000000  449.637500000000  439.323333333333  248.780000000000   51.352333333333
198302    1.906975000000  170.036666666667  449.654166666667  439.334166666667  248.785833333333   51.352916666667
198303    1.906908333333  170.037500000000  449.654166666667  439.335833333333  248.782500000000   51.353000000000
198304    1.907258333333  170.041666666667  449.660000000000  439.338333333333  248.785833333333   51.353166666667
198305    1.907991666667  170.021666666667  449.620000000000  439.310000000000  248.775000000000   51.352000000000
198306    1.907750000000  170.020000000000  449.620000000000  439.310000000000  248.775833333333   51.352083333333
198307    1.908000000000  170.021666666667  449.624166666667  439.312500000000  248.776666666667   51.352416666667
198308    1.908258333333  170.033333333333  449.642500000000  439.325000000000  248.780833333333   51.352916666667
198309    1.907750000000  170.032500000000  449.640833333333  439.325833333333  248.779166666667   51.352833333333
198310    1.907466666667  170.039166666667  449.655833333333  439.337500000000  248.785000000000   51.353000000000
198311    1.906750000000  170.031666666667  449.647500000000  439.330000000000  248.783333333333   51.352500000000
198312    1.905591666667  170.039166666667  449.662500000000  439.342500000000  248.787500000000   51.353000000000
198401    1.890591666667  169.891666666667  449.467500000000  439.217500000000  248.756666666667   51.343583333333
198402    1.891350000000  169.929166666667  449.529166666667  439.258333333333  248.770000000000   51.345500000000
198403    1.892083333333  169.961666666667  449.586666666667  439.298333333333  248.782500000000   51.347666666667
198404    1.892058333333  169.980833333333  449.615833333333  439.320000000000  248.789166666667   51.348333333333
198405    1.891833333333  169.985000000000  449.623333333333  439.325833333333  248.790000000000   51.348750000000
198406    1.891675000000  169.985000000000  449.624166666667  439.326666666667  248.791666666667   51.348666666667
198407    1.891575000000  169.977500000000  449.613333333333  439.317500000000  248.788333333333   51.348416666667
198408    1.891150000000  169.959166666667  449.584166666667  439.297500000000  248.780000000000   51.347083333333
198409    1.890991666667  169.941666666667  449.550000000000  439.275833333333  248.775833333333   51.346333333333
198410    1.890741666667  169.933333333333  449.536666666667  439.264166666667  248.773333333333   51.345833333333
198411    1.890033333333  169.925000000000  449.523333333333  439.256666666667  248.770833333333   51.345083333333
198412    1.889366666667  169.917500000000  449.518333333333  439.252500000000  248.770833333333   51.344833333333
198501    1.872775000000  169.855000000000  449.473333333333  439.234166666667  248.773333333333   51.339833333333
198502    1.872250000000  169.850000000000  449.466666666667  439.232500000000  248.772500000000   51.339500000000
198503    1.872425000000  169.851666666667  449.470000000000  439.235000000000  248.771666666667   51.339583333333
198504    1.872633333333  169.852500000000  449.470833333333  439.234166666667  248.772500000000   51.339750000000
198505    1.872575000000  169.849166666667  449.466666666667  439.230833333333  248.772500000000   51.339666666667
198506    1.873083333333  169.853333333333  449.468333333333  439.231666666667  248.770833333333   51.339750000000
198507    1.872891666667  169.843333333333  449.450833333333  439.220000000000  248.767500000000   51.339000000000
198508    1.873158333333  169.844166666667  449.453333333333  439.220000000000  248.767500000000   51.339250000000
198509    1.873108333333  169.843333333333  449.450000000000  439.218333333333  248.767500000000   51.339083333333
198510    1.873425000000  169.841666666667  449.447500000000  439.215833333333  248.767500000000   51.339166666667
198511    1.873891666667  169.845833333333  449.454166666667  439.221666666667  248.767500000000   51.339250000000
198512    1.874216666667  169.851666666667  449.463333333333  439.228333333333  248.770000000000   51.340000000000
198601    1.872616666667  169.846666666667  449.458333333333  439.224166666667  248.769166666667   51.339250000000
198602    1.873258333333  169.845833333333  449.455000000000  439.222500000000  248.769166666667   51.339250000000
198603    1.873408333333  169.845000000000  449.451666666667  439.220833333333  248.767500000000   51.339416666667
198604    1.873091666667  169.840000000000  449.445833333333  439.215000000000  248.766666666667   51.339083333333
198605    1.873900000000  169.848333333333  449.454166666667  439.221666666667  248.768333333333   51.339500000000
198606    1.873458333333  169.846666666667  449.458333333333  439.224166666667  248.768333333333   51.339416666667
198607    1.873441666667  169.850833333333  449.465833333333  439.228333333333  248.770833333333   51.339583333333
198608    1.873116666667  169.855000000000  449.470000000000  439.233333333333  248.771666666667   51.339833333333
198609    1.873200000000  169.853333333333  449.470833333333  439.233333333333  248.770833333333   51.339750000000
198610    1.872966666667  169.852500000000  449.468333333333  439.231666666667  248.770833333333   51.339666666667
198611    1.872391666667  169.845833333333  449.460000000000  439.228333333333  248.770000000000   51.339333333333
198612    1.872350000000  169.848333333333  449.466666666667  439.230833333333  248.770833333333   51.339416666667
198701    1.877458333333  169.886666666667  449.511666666667  439.258333333333  248.777500000000   51.341916666667
198702    1.877183333333  169.882500000000  449.507500000000  439.255000000000  248.777500000000   51.341750000000
198703    1.877408333333  169.887500000000  449.513333333333  439.260000000000  248.778333333333   51.342250000000
198704    1.877583333333  169.889166666667  449.515000000000  439.261666666667  248.778333333333   51.342083333333
198705    1.877550000000  169.887500000000  449.512500000000  439.259166666667  248.777500000000   51.342166666667
198706    1.877633333333  169.885833333333  449.508333333333  439.255833333333  248.776666666667   51.342000000000
198707    1.877775000000  169.879166666667  449.496666666667  439.247500000000  248.773333333333   51.341666666667
198708    1.878141666667  169.876666666667  449.492500000000  439.244166666667  248.771666666667   51.341416666667
198709    1.878525000000  169.883333333333  449.500833333333  439.250833333333  248.774166666667   51.341833333333
198710    1.878791666667  169.889166666667  449.510000000000  439.255833333333  248.775833333333   51.342083333333
198711    1.879275000000  169.895833333333  449.518333333333  439.260833333333  248.777500000000   51.342583333333
198712    1.879275000000  169.891666666667  449.511666666667  439.257500000000  248.775833333333   51.342500000000
198801    1.907766666667  169.958333333333  449.513333333333  439.233333333333  248.753333333333   51.348666666667
198802    1.908091666667  169.968333333333  449.531666666667  439.245000000000  248.755000000000   51.349083333333
198803    1.908158333333  169.981666666667  449.550000000000  439.260000000000  248.761666666667   51.349750000000
198804    1.907825000000  169.995000000000  449.576666666667  439.279166666667  248.766666666667   51.350750000000
198805    1.907975000000  170.016666666667  449.617500000000  439.305000000000  248.775000000000   51.352083333333
198806    1.907675000000  170.041666666667  449.659166666667  439.336666666667  248.785000000000   51.353083333333
198807    1.907341666667  170.044166666667  449.665833333333  439.342500000000  248.788333333333   51.353500000000
198808    1.906808333333  170.041666666667  449.665000000000  439.341666666667  248.785833333333   51.353333333333
198809    1.907066666667  170.042500000000  449.663333333333  439.340000000000  248.785833333333   51.353250000000
198810    1.906841666667  170.025833333333  449.633333333333  439.320000000000  248.781666666667   51.352416666667
198811    1.906991666667  170.043333333333  449.666666666667  439.341666666667  248.785000000000   51.353250000000
198812    1.907483333333  170.050833333333  449.677500000000  439.349166666667  248.788333333333   51.353666666667
198901    1.933208333333  170.186666666667  449.811666666667  439.424166666667  248.796666666667   51.363666666667
198902    1.934683333333  170.194166666667  449.817500000000  439.426666666667  248.795833333333   51.364166666667
198903    1.937300000000  170.190833333333  449.799166666667  439.411666666667  248.790833333333   51.364083333333
198904    1.940400000000  170.215000000000  449.830000000000  439.430000000000  248.795000000000   51.365666666667
198905    1.943175000000  170.215833333333  449.820000000000  439.420000000000  248.790000000000   51.366166666667
198906    1.946683333333  170.244166666667  449.855833333333  439.443333333333  248.795000000000   51.367916666667
198907    1.950941666667  170.270000000000  449.885000000000  439.459166666667  248.796666666667   51.369916666667
198908    1.954383333333  170.307500000000  449.935833333333  439.494166666667  248.805833333333   51.372250000000
198909    1.956108333333  170.272500000000  449.866666666667  439.441666666667  248.788333333333   51.370333333333
198910    1.957591666667  170.307500000000  449.925000000000  439.481666666667  248.801666666667   51.372500000000
198911    1.957958333333  170.295833333333  449.900000000000  439.464166666667  248.795000000000   51.371916666667
198912    1.957350000000  170.276666666667  449.870000000000  439.442500000000  248.788333333333   51.370583333333
199001    1.928541666667  170.157500000000  449.777500000000  439.402500000000  248.793333333333   51.361500000000
199002    1.927016666667  170.138333333333  449.749166666667  439.385000000000  248.788333333333   51.360250000000
199003    1.925875000000  170.136666666667  449.751666666667  439.386666666667  248.790833333333   51.360250000000
199004    1.924616666667  170.130000000000  449.745000000000  439.381666666667  248.789166666667   51.359666666667
199005    1.924833333333  170.137500000000  449.760000000000  439.393333333333  248.793333333333   51.360166666667
199006    1.925700000000  170.141666666667  449.759166666667  439.393333333333  248.790833333333   51.360416666667
199007    1.927441666667  170.159166666667  449.786666666667  439.410833333333  248.795833333333   51.361583333333
199008    1.928641666667  170.175833333333  449.807500000000  439.425000000000  248.800833333333   51.362500000000
199009    1.930166666667  170.199166666667  449.845833333333  439.450833333333  248.806666666667   51.363916666667
199010    1.930958333333  170.190833333333  449.825833333333  439.434166666667  248.800833333333   51.363750000000
199011    1.933508333333  170.230000000000  449.885000000000  439.475000000000  248.813333333333   51.366000000000
199012    1.934750000000  170.225833333333  449.870833333333  439.464166666667  248.807500000000   51.366000000000
199101    1.940300000000  170.141666666667  449.700833333333  439.339166666667  248.765833333333   51.361833333333
199102    1.939733333333  170.164166666667  449.743333333333  439.370833333333  248.777500000000   51.362916666667
199103    1.939533333333  170.199166666667  449.807500000000  439.415833333333  248.790833333333   51.364750000000
199104    1.939191666667  170.220000000000  449.841666666667  439.440000000000  248.799166666667   51.365833333333
199105    1.939366666667  170.206666666667  449.820833333333  439.424166666667  248.792500000000   51.365166666667
199106    1.938850000000  170.208333333333  449.826666666667  439.429166666667  248.795000000000   51.365250000000
199107    1.939350000000  170.220000000000  449.843333333333  439.440833333333  248.797500000000   51.365916666667
199108    1.939600000000  170.200833333333  449.809166666667  439.414166666667  248.791666666667   51.365000000000
199109    1.939075000000  170.166666666667  449.747500000000  439.372500000000  248.778333333333   51.362833333333
199110    1.939875000000  170.170833333333  449.751666666667  439.375000000000  248.777500000000   51.363166666667
199111    1.939333333333  170.173333333333  449.762500000000  439.383333333333  248.780833333333   51.363416666667
199112    1.939433333333  170.150833333333  449.719166666667  439.351666666667  248.770833333333   51.362000000000
199201    1.913916666667  170.063333333333  449.672500000000  439.342500000000  248.781666666667   51.355083333333
199202    1.914175000000  170.079166666667  449.700833333333  439.361666666667  248.790000000000   51.356083333333
199203    1.913658333333  170.077500000000  449.697500000000  439.358333333333  248.790000000000   51.355750000000
199204    1.913108333333  170.059166666667  449.667500000000  439.336666666667  248.782500000000   51.354666666667
199205    1.912933333333  170.060833333333  449.671666666667  439.340833333333  248.782500000000   51.354750000000
199206    1.913558333333  170.056666666667  449.663333333333  439.335000000000  248.780833333333   51.354750000000
199207    1.914875000000  170.061666666667  449.666666666667  439.335000000000  248.780833333333   51.355250000000
199208    1.916516666667  170.079166666667  449.690000000000  439.350000000000  248.785000000000   51.356000000000
199209    1.917200000000  170.090000000000  449.703333333333  439.360833333333  248.785833333333   51.356583333333
199210    1.917000000000  170.078333333333  449.684166666667  439.345833333333  248.783333333333   51.356083333333
199211    1.918025000000  170.095833333333  449.716666666667  439.369166666667  248.788333333333   51.357250000000
199212    1.917675000000  170.094166666667  449.713333333333  439.365833333333  248.788333333333   51.357166666667
199301    1.896900000000  169.991666666667  449.615833333333  439.315833333333  248.784166666667   51.349416666667
199302    1.897291666667  169.987500000000  449.607500000000  439.310000000000  248.782500000000   51.349416666667
199303    1.896975000000  169.971666666667  449.581666666667  439.291666666667  248.777500000000   51.348500000000
199304    1.898166666667  169.972500000000  449.575833333333  439.285000000000  248.774166666667   51.348583333333
199305    1.897458333333  169.951666666667  449.545000000000  439.266666666667  248.768333333333   51.347583333333
199306    1.897700000000  169.950833333333  449.543333333333  439.262500000000  248.767500000000   51.347500000000
199307    1.897133333333  169.946666666667  449.532500000000  439.255000000000  248.765000000000   51.346916666667
199308    1.896300000000  169.942500000000  449.530833333333  439.256666666667  248.766666666667   51.346750000000
199309    1.894883333333  169.932500000000  449.520833333333  439.249166666667  248.765000000000   51.346083333333
199310    1.894625000000  169.940000000000  449.534166666667  439.260833333333  248.767500000000   51.346583333333
199311    1.894041666667  169.953333333333  449.559166666667  439.279166666667  248.774166666667   51.347250000000
199312    1.893383333333  169.965000000000  449.585833333333  439.297500000000  248.781666666667   51.347833333333
199401    1.882733333333  169.905833333333  449.523333333333  439.262500000000  248.775000000000   51.343666666667
199402    1.881933333333  169.885000000000  449.491666666667  439.239166666667  248.770000000000   51.342250000000
199403    1.881725000000  169.884166666667  449.490833333333  439.240000000000  248.767500000000   51.342500000000
199404    1.881716666667  169.884166666667  449.489166666667  439.236666666667  248.770000000000   51.342333333333
199405    1.881216666667  169.885000000000  449.493333333333  439.244166666667  248.771666666667   51.342250000000
199406    1.880983333333  169.880833333333  449.483333333333  439.235833333333  248.770000000000   51.342166666667
199407    1.881041666667  169.887500000000  449.498333333333  439.245000000000  248.772500000000   51.342416666667
199408    1.880816666667  169.892500000000  449.505833333333  439.250833333333  248.774166666667   51.342750000000
199409    1.880816666667  169.893333333333  449.509166666667  439.255000000000  248.774166666667   51.342666666667
199410    1.880050000000  169.873333333333  449.475833333333  439.232500000000  248.768333333333   51.341416666667
199411    1.880100000000  169.888333333333  449.502500000000  439.251666666667  248.775000000000   51.342166666667
199412    1.880366666667  169.885833333333  449.498333333333  439.246666666667  248.774166666667   51.342083333333
199501    1.874716666667  169.862500000000  449.478333333333  439.238333333333  248.773333333333   51.340416666667
199502    1.874358333333  169.859166666667  449.475833333333  439.236666666667  248.771666666667   51.340250000000
199503    1.874841666667  169.863333333333  449.480833333333  439.239166666667  248.772500000000   51.340583333333
199504    1.874725000000  169.863333333333  449.481666666667  439.240000000000  248.773333333333   51.340666666667
199505    1.875033333333  169.864166666667  449.481666666667  439.239166666667  248.773333333333   51.340500000000
199506    1.875258333333  169.871666666667  449.490000000000  439.245833333333  248.774166666667   51.341000000000
199507    1.875708333333  169.875000000000  449.495833333333  439.250000000000  248.775833333333   51.341000000000
199508    1.875875000000  169.875833333333  449.496666666667  439.249166666667  248.774166666667   51.341333333333
199509    1.875241666667  169.866666666667  449.485000000000  439.242500000000  248.773333333333   51.340666666667
199510    1.875491666667  169.872500000000  449.490833333333  439.245833333333  248.777500000000   51.341000000000
199511    1.875383333333  169.862500000000  449.479166666667  439.236666666667  248.774166666667   51.340416666667
199512    1.875641666667  169.867500000000  449.486666666667  439.242500000000  248.775000000000   51.340916666667
199601    1.872008333333  169.846666666667  449.465000000000  439.229166666667  248.771666666667   51.339250000000
199602    1.871975000000  169.848333333333  449.468333333333  439.230833333333  248.771666666667   51.339166666667
199603    1.871633333333  169.846666666667  449.461666666667  439.229166666667  248.771666666667   51.339166666667
199604    1.870991666667  169.839166666667  449.455000000000  439.225833333333  248.771666666667   51.338833333333
199605    1.870866666667  169.831666666667  449.440833333333  439.215000000000  248.767500000000   51.338416666667
199606    1.870400000000  169.835000000000  449.450833333333  439.221666666667  248.770000000000   51.338666666667
199607    1.870666666667  169.839166666667  449.456666666667  439.224166666667  248.770833333333   51.338750000000
199608    1.870683333333  169.836666666667  449.452500000000  439.221666666667  248.770000000000   51.338583333333
199609    1.870858333333  169.835000000000  449.449166666667  439.220000000000  248.769166666667   51.338500000000
199610    1.870300000000  169.833333333333  449.446666666667  439.220000000000  248.769166666667   51.338416666667
199611    1.870575000000  169.835833333333  449.449166666667  439.221666666667  248.769166666667   51.338500000000
199612    1.870650000000  169.839166666667  449.452500000000  439.221666666667  248.770000000000   51.338750000000
199701    1.878458333333  169.888333333333  449.510833333333  439.257500000000  248.775833333333   51.342250000000
199702    1.878650000000  169.885000000000  449.504166666667  439.250000000000  248.776666666667   51.342000000000
199703    1.878775000000  169.884166666667  449.501666666667  439.251666666667  248.775000000000   51.341916666667
199704    1.878208333333  169.854166666667  449.450833333333  439.215000000000  248.765000000000   51.340416666667
199705    1.878800000000  169.888333333333  449.510000000000  439.255833333333  248.775833333333   51.342500000000
199706    1.878233333333  169.887500000000  449.510833333333  439.259166666667  248.775833333333   51.342333333333
199707    1.878033333333  169.889166666667  449.512500000000  439.259166666667  248.777500000000   51.342250000000
199708    1.877966666667  169.885833333333  449.510000000000  439.257500000000  248.777500000000   51.342166666667
199709    1.877391666667  169.876666666667  449.492500000000  439.245000000000  248.774166666667   51.341416666667
199710    1.877183333333  169.869166666667  449.480833333333  439.238333333333  248.770000000000   51.341083333333
199711    1.877383333333  169.872500000000  449.485833333333  439.240833333333  248.771666666667   51.341166666667
199712    1.876975000000  169.873333333333  449.486666666667  439.244166666667  248.773333333333   51.341166666667
199801    1.899083333333  170.006666666667  449.630833333333  439.323333333333  248.785833333333   51.350416666667
199802    1.898366666667  169.998333333333  449.619166666667  439.317500000000  248.784166666667   51.349916666667
199803    1.898466666667  169.993333333333  449.615833333333  439.315000000000  248.782500000000   51.349916666667
199804    1.898541666667  169.984166666667  449.599166666667  439.301666666667  248.779166666667   51.349333333333
199805    1.898908333333  169.981666666667  449.590000000000  439.296666666667  248.777500000000   51.349166666667
199806    1.899325000000  169.992500000000  449.610000000000  439.308333333333  248.780833333333   51.349833333333
199807    1.899550000000  169.997500000000  449.616666666667  439.314166666667  248.781666666667   51.350166666667
199808    1.899325000000  169.992500000000  449.605833333333  439.309166666667  248.780833333333   51.349750000000
199809    1.900050000000  170.005833333333  449.627500000000  439.323333333333  248.784166666667   51.350750000000
199810    1.899425000000  170.001666666667  449.621666666667  439.318333333333  248.784166666667   51.350250000000
199811    1.899225000000  170.003333333333  449.629166666667  439.321666666667  248.784166666667   51.350583333333
199812    1.899933333333  170.006666666667  449.630000000000  439.322500000000  248.784166666667   51.350666666667
199901    1.914433333333  170.105000000000  449.742500000000  439.391666666667  248.798333333333   51.357166666667
199902    1.913850000000  170.092500000000  449.723333333333  439.375833333333  248.793333333333   51.356416666667
199903    1.913541666667  170.100833333333  449.740000000000  439.390000000000  248.797500000000   51.357166666667
199904    1.912475000000  170.095833333333  449.738333333333  439.390000000000  248.798333333333   51.357000000000
199905    1.912208333333  170.086666666667  449.720833333333  439.378333333333  248.795000000000   51.356166666667
199906    1.912366666667  170.102500000000  449.748333333333  439.397500000000  248.800833333333   51.357000000000
199907    1.912475000000  170.100000000000  449.740000000000  439.391666666667  248.798333333333   51.357083333333
199908    1.913941666667  170.111666666667  449.759166666667  439.402500000000  248.801666666667   51.357583333333
199909    1.915175000000  170.108333333333  449.747500000000  439.393333333333  248.796666666667   51.357583333333
199910    1.915750000000  170.095000000000  449.723333333333  439.375833333333  248.791666666667   51.356833333333
199911    1.916941666667  170.095833333333  449.716666666667  439.369166666667  248.790000000000   51.356916666667
199912    1.917375000000  170.100000000000  449.724166666667  439.376666666667  248.790000000000   51.357500000000
200001    1.932958333333  170.175000000000  449.789166666667  439.407500000000  248.791666666667   51.362750000000
200002    1.932966666667  170.198333333333  449.830000000000  439.435000000000  248.801666666667   51.363666666667
200003    1.932975000000  170.215833333333  449.858333333333  439.458333333333  248.807500000000   51.365000000000
200004    1.933350000000  170.231666666667  449.884166666667  439.475000000000  248.814166666667   51.365916666667
200005    1.933050000000  170.236666666667  449.895833333333  439.484166666667  248.815833333333   51.366000000000
200006    1.932516666667  170.235000000000  449.892500000000  439.480000000000  248.815000000000   51.365916666667
200007    1.931741666667  170.230833333333  449.890000000000  439.481666666667  248.816666666667   51.365666666667
200008    1.931208333333  170.199166666667  449.835833333333  439.443333333333  248.803333333333   51.363666666667
200009    1.932825000000  170.240000000000  449.904166666667  439.487500000000  248.818333333333   51.366500000000
200010    1.931766666667  170.206666666667  449.847500000000  439.451666666667  248.807500000000   51.364500000000
200011    1.932716666667  170.225000000000  449.876666666667  439.470833333333  248.811666666667   51.365416666667
200012    1.934200000000  170.218333333333  449.856666666667  439.456666666667  248.806666666667   51.365166666667
200101    1.929616666667  170.140000000000  449.739166666667  439.375833333333  248.785833333333   51.360500000000
200102    1.929308333333  170.156666666667  449.767500000000  439.395000000000  248.790000000000   51.361250000000
200103    1.930441666667  170.175833333333  449.798333333333  439.418333333333  248.796666666667   51.362500000000
200104    1.930300000000  170.177500000000  449.800833333333  439.417500000000  248.797500000000   51.362750000000
200105    1.930741666667  170.176666666667  449.800000000000  439.418333333333  248.797500000000   51.362583333333
200106    1.930616666667  170.165833333333  449.780833333333  439.404166666667  248.793333333333   51.362000000000
200107    1.930675000000  170.173333333333  449.791666666667  439.412500000000  248.795000000000   51.362333333333
200108    1.930633333333  170.175000000000  449.798333333333  439.417500000000  248.797500000000   51.362500000000
200109    1.931025000000  170.160833333333  449.767500000000  439.395000000000  248.790000000000   51.361666666667
200110    1.929450000000  170.155000000000  449.766666666667  439.394166666667  248.790000000000   51.361250000000
200111    1.929516666667  170.156666666667  449.767500000000  439.395833333333  248.790000000000   51.361333333333
200112    1.929350000000  170.153333333333  449.765000000000  439.395000000000  248.790000000000   51.361166666667
200201    1.936150000000  170.202500000000  449.821666666667  439.428333333333  248.795833333333   51.364250000000
200202    1.935691666667  170.189166666667  449.797500000000  439.410833333333  248.790833333333   51.363583333333
200203    1.936058333333  170.199166666667  449.814166666667  439.422500000000  248.795000000000   51.364250000000
200204    1.936791666667  170.207500000000  449.825000000000  439.431666666667  248.796666666667   51.364750000000
200205    1.937141666667  170.200000000000  449.812500000000  439.422500000000  248.793333333333   51.364583333333
200206    1.937108333333  170.225833333333  449.859166666667  439.452500000000  248.804166666667   51.365916666667
200207    1.936650000000  170.240000000000  449.887500000000  439.475000000000  248.811666666667   51.366833333333
200208    1.936591666667  170.248333333333  449.899166666667  439.485000000000  248.814166666667   51.367000000000
200209    1.937391666667  170.234166666667  449.874166666667  439.465000000000  248.807500000000   51.366250000000
200210    1.937566666667  170.212500000000  449.836666666667  439.438333333333  248.799166666667   51.365166666667
200211    1.937233333333  170.212500000000  449.835833333333  439.436666666667  248.799166666667   51.365083333333
200212    1.936916666667  170.204166666667  449.821666666667  439.428333333333  248.795833333333   51.364750000000
200301    1.912816666667  170.056666666667  449.660000000000  439.333333333333  248.781666666667   51.354250000000
200302    1.911616666667  170.060833333333  449.671666666667  439.345000000000  248.785833333333   51.354500000000
200303    1.910808333333  170.068333333333  449.688333333333  439.355833333333  248.790000000000   51.354416666667
200304    1.909441666667  170.043333333333  449.650000000000  439.331666666667  248.781666666667   51.353000000000
200305    1.909325000000  170.048333333333  449.660833333333  439.338333333333  248.784166666667   51.353666666667
200306    1.908566666667  170.049166666667  449.665833333333  439.340000000000  248.785000000000   51.353583333333
200307    1.907650000000  170.049166666667  449.666666666667  439.343333333333  248.786666666667   51.353416666667
200308    1.906433333333  170.033333333333  449.645833333333  439.330000000000  248.785000000000   51.352583333333
200309    1.906558333333  170.040000000000  449.656666666667  439.337500000000  248.785000000000   51.352750000000
200310    1.906683333333  170.050833333333  449.672500000000  439.348333333333  248.788333333333   51.353500000000
200311    1.906291666667  170.043333333333  449.665833333333  439.343333333333  248.789166666667   51.353000000000
200312    1.906300000000  170.055833333333  449.685833333333  439.360000000000  248.793333333333   51.353750000000
200401    1.892091666667  169.970000000000  449.592500000000  439.302500000000  248.783333333333   51.347583333333
200402    1.892450000000  169.965000000000  449.581666666667  439.295833333333  248.780833333333   51.347083333333
200403    1.892625000000  169.961666666667  449.574166666667  439.292500000000  248.779166666667   51.347083333333
200404    1.893025000000  169.967500000000  449.581666666667  439.296666666667  248.780833333333   51.347416666667
200405    1.892091666667  169.950000000000  449.554166666667  439.277500000000  248.775833333333   51.346416666667
200406    1.892708333333  169.956666666667  449.565833333333  439.284166666667  248.777500000000   51.346750000000
200407    1.892616666667  169.961666666667  449.573333333333  439.289166666667  248.778333333333   51.347083333333
200408    1.892850000000  169.963333333333  449.574166666667  439.290000000000  248.780000000000   51.347250000000
200409    1.893675000000  169.968333333333  449.585000000000  439.296666666667  248.780833333333   51.347666666667
200410    1.893275000000  169.968333333333  449.585833333333  439.296666666667  248.781666666667   51.347583333333
200411    1.893991666667  169.973333333333  449.588333333333  439.299166666667  248.782500000000   51.348000000000
200412    1.894683333333  169.976666666667  449.594166666667  439.303333333333  248.781666666667   51.348250000000
200501    1.885883333333  169.920000000000  449.526666666667  439.263333333333  248.775833333333   51.344166666667
200502    1.886083333333  169.910000000000  449.509166666667  439.250000000000  248.771666666667   51.343666666667
200503    1.886291666667  169.910833333333  449.509166666667  439.251666666667  248.770833333333   51.343750000000
200504    1.886733333333  169.919166666667  449.525833333333  439.260833333333  248.775000000000   51.344333333333
200505    1.887433333333  169.930833333333  449.539166666667  439.270000000000  248.776666666667   51.344833333333
200506    1.887208333333  169.933333333333  449.545833333333  439.273333333333  248.776666666667   51.345000000000
200507    1.887616666667  169.936666666667  449.550833333333  439.279166666667  248.778333333333   51.345333333333
200508    1.888291666667  169.938333333333  449.550000000000  439.277500000000  248.778333333333   51.345250000000
200509    1.887866666667  169.926666666667  449.532500000000  439.265000000000  248.774166666667   51.345000000000
200510    1.887958333333  169.923333333333  449.525833333333  439.261666666667  248.773333333333   51.344583333333
200511    1.887316666667  169.910000000000  449.505833333333  439.246666666667  248.768333333333   51.343750000000
200512    1.887625000000  169.908333333333  449.501666666667  439.243333333333  248.768333333333   51.343666666667
200601    1.881958333333  169.905000000000  449.520833333333  439.261666666667  248.777500000000   51.343250000000
200602    1.881425000000  169.899166666667  449.507500000000  439.255000000000  248.774166666667   51.342583333333
200603    1.880483333333  169.889166666667  449.498333333333  439.247500000000  248.773333333333   51.342250000000
200604    1.880658333333  169.890000000000  449.498333333333  439.244166666667  248.772500000000   51.342000000000
200605    1.881408333333  169.895833333333  449.505000000000  439.250833333333  248.775000000000   51.342583333333
200606    1.881550000000  169.903333333333  449.519166666667  439.260000000000  248.776666666667   51.342916666667
200607    1.881025000000  169.904166666667  449.521666666667  439.264166666667  248.775833333333   51.343083333333
200608    1.880491666667  169.896666666667  449.509166666667  439.255833333333  248.775000000000   51.342500000000
200609    1.881066666667  169.901666666667  449.515833333333  439.258333333333  248.777500000000   51.342666666667
200610    1.881166666667  169.898333333333  449.510833333333  439.258333333333  248.776666666667   51.342750000000
200611    1.880216666667  169.890000000000  449.498333333333  439.246666666667  248.775000000000   51.342083333333
200612    1.879366666667  169.876666666667  449.476666666667  439.233333333333  248.770000000000   51.341083333333
200701    1.876291666667  169.866666666667  449.470000000000  439.232500000000  248.769166666667   51.340583333333
200702    1.876366666667  169.863333333333  449.469166666667  439.230000000000  248.770833333333   51.340166666667
200703    1.876450000000  169.862500000000  449.466666666667  439.229166666667  248.770833333333   51.340416666667
200704    1.876475000000  169.867500000000  449.473333333333  439.232500000000  248.771666666667   51.340416666667
200705    1.876525000000  169.866666666667  449.474166666667  439.234166666667  248.772500000000   51.340333333333
200706    1.876633333333  169.872500000000  449.480833333333  439.239166666667  248.773333333333   51.340750000000
200707    1.876450000000  169.874166666667  449.485000000000  439.241666666667  248.774166666667   51.341083333333
200708    1.876416666667  169.871666666667  449.484166666667  439.241666666667  248.773333333333   51.340666666667
200709    1.875766666667  169.865833333333  449.473333333333  439.233333333333  248.772500000000   51.340250000000
200710    1.875450000000  169.863333333333  449.470833333333  439.230833333333  248.770833333333   51.340250000000
200711    1.875233333333  169.864166666667  449.474166666667  439.234166666667  248.773333333333   51.340166666667
200712    1.874883333333  169.863333333333  449.473333333333  439.233333333333  248.772500000000   51.340166666667
200801    1.871658333333  169.848333333333  449.460833333333  439.227500000000  248.772500000000   51.338916666667
200802    1.872008333333  169.850833333333  449.463333333333  439.230000000000  248.773333333333   51.339083333333
200803    1.872483333333  169.855000000000  449.470833333333  439.234166666667  248.774166666667   51.339333333333
200804    1.872625000000  169.856666666667  449.472500000000  439.236666666667  248.773333333333   51.339583333333
200805    1.873216666667  169.864166666667  449.479166666667  439.240000000000  248.774166666667   51.339916666667
200806    1.873241666667  169.862500000000  449.480000000000  439.240833333333  248.775000000000   51.340000000000
200807    1.871675000000  169.850000000000  449.465000000000  439.231666666667  248.773333333333   51.339166666667
200808    1.871925000000  169.853333333333  449.466666666667  439.234166666667  248.771666666667   51.339416666667
200809    1.872583333333  169.858333333333  449.473333333333  439.236666666667  248.774166666667   51.339666666667
200810    1.872375000000  169.854166666667  449.470000000000  439.233333333333  248.772500000000   51.339416666667
200811    1.872100000000  169.852500000000  449.465833333333  439.231666666667  248.772500000000   51.339250000000
200812    1.871991666667  169.850833333333  449.465000000000  439.230833333333  248.771666666667   51.339083333333
200901    1.873091666667  169.862500000000  449.478333333333  439.240000000000  248.775833333333   51.340000000000
200902    1.873325000000  169.865000000000  449.480833333333  439.240833333333  248.775833333333   51.339916666667
200903    1.872858333333  169.860833333333  449.473333333333  439.236666666667  248.775833333333   51.339666666667
200904    1.872316666667  169.855000000000  449.468333333333  439.232500000000  248.773333333333   51.339500000000
200905    1.872291666667  169.852500000000  449.465000000000  439.230833333333  248.772500000000   51.339333333333
200906    1.872433333333  169.853333333333  449.467500000000  439.233333333333  248.774166666667   51.339583333333
200907    1.872575000000  169.855000000000  449.469166666667  439.233333333333  248.775833333333   51.339416666667
200908    1.872766666667  169.857500000000  449.471666666667  439.235000000000  248.775000000000   51.339500000000
200909    1.871575000000  169.846666666667  449.460000000000  439.228333333333  248.771666666667   51.339000000000
200910    1.871791666667  169.850833333333  449.465833333333  439.230000000000  248.771666666667   51.339166666667
200911    1.872441666667  169.857500000000  449.470833333333  439.235833333333  248.773333333333   51.339666666667
200912    1.872358333333  169.856666666667  449.470000000000  439.235000000000  248.774166666667   51.339500000000
201001    1.880233333333  169.899166666667  449.514166666667  439.257500000000  248.775833333333   51.342583333333
201002    1.879566666667  169.892500000000  449.509166666667  439.256666666667  248.775833333333   51.342250000000
201003    1.880033333333  169.899166666667  449.513333333333  439.259166666667  248.775833333333   51.342500000000
201004    1.880266666667  169.904166666667  449.525000000000  439.266666666667  248.778333333333   51.343000000000
201005    1.880475000000  169.900833333333  449.517500000000  439.260833333333  248.776666666667   51.342583333333
201006    1.880775000000  169.904166666667  449.522500000000  439.264166666667  248.780000000000   51.343000000000
201007    1.881025000000  169.908333333333  449.529166666667  439.270000000000  248.779166666667   51.343333333333
201008    1.881633333333  169.915000000000  449.533333333333  439.273333333333  248.780000000000   51.343583333333
201009    1.882050000000  169.917500000000  449.539166666667  439.276666666667  248.781666666667   51.343916666667
201010    1.882158333333  169.918333333333  449.540833333333  439.274166666667  248.780000000000   51.343916666667
201011    1.883333333333  169.925833333333  449.547500000000  439.280000000000  248.780833333333   51.344166666667
201012    1.883325000000  169.925833333333  449.546666666667  439.280000000000  248.781666666667   51.343916666667
201101    1.899116666667  169.996666666667  449.609166666667  439.310833333333  248.782500000000   51.349500000000
201102    1.899750000000  169.995833333333  449.607500000000  439.309166666667  248.780833333333   51.349750000000
201103    1.900883333333  170.003333333333  449.613333333333  439.312500000000  248.780000000000   51.350166666667
201104    1.901583333333  169.999166666667  449.603333333333  439.304166666667  248.779166666667   51.350083333333
201105    1.901891666667  170.003333333333  449.609166666667  439.306666666667  248.780000000000   51.350250000000
201106    1.901041666667  170.000000000000  449.606666666667  439.305833333333  248.780000000000   51.350083333333
201107    1.901758333333  170.010833333333  449.621666666667  439.317500000000  248.781666666667   51.350750000000
201108    1.901716666667  170.021666666667  449.640833333333  439.330833333333  248.785833333333   51.351250000000
201109    1.901058333333  170.010833333333  449.626666666667  439.320000000000  248.784166666667   51.350666666667
201110    1.899908333333  170.011666666667  449.633333333333  439.325833333333  248.786666666667   51.350500000000
201111    1.899091666667  170.007500000000  449.631666666667  439.324166666667  248.785000000000   51.350083333333
201112    1.899458333333  170.017500000000  449.645000000000  439.335833333333  248.789166666667   51.350916666667
