197501    2.008375000000  174.610833333333  446.507500000000  438.245833333333  248.655000000000   50.466250000000
197502    2.007800000000  174.602500000000  446.495000000000  438.236666666667  248.652500000000   50.465666666667
197503    2.007958333333  174.597500000000  446.484166666667  438.230833333333  248.650000000000   50.465500000000
197504    2.007900000000  174.590833333333  446.477500000000  438.225000000000  248.648333333333   50.465250000000
197505    2.008450000000  174.595000000000  446.481666666667  438.225833333333  248.649166666667   50.465583333333
197506    2.008275000000  174.593333333333  446.476666666667  438.224166666667  248.647500000000   50.465250000000
197507    2.007908333333  174.584166666667  446.462500000000  438.215000000000  248.645833333333   50.464750000000
197508    2.007691666667  174.580833333333  446.456666666667  438.210833333333  248.645000000000   50.464750000000
197509    2.007583333333  174.588333333333  446.470000000000  438.220000000000  248.647500000000   50.465000000000
197510    2.007041666667  174.580000000000  446.460833333333  438.215833333333  248.647500000000   50.464583333333
197511    2.007175000000  174.590000000000  446.476666666667  438.224166666667  248.650833333333   50.465000000000
197512    2.006933333333  174.590833333333  446.477500000000  438.226666666667  248.650833333333   50.465166666667
197601    2.009641666667  174.613333333333  446.508333333333  438.245000000000  248.654166666667   50.466750000000
197602    2.009600000000  174.616666666667  446.511666666667  438.249166666667  248.655000000000   50.466833333333
197603    2.009575000000  174.617500000000  446.514166666667  438.248333333333  248.655833333333   50.466750000000
197604    2.009358333333  174.617500000000  446.514166666667  438.249166666667  248.656666666667   50.466833333333
197605    2.008991666667  174.615833333333  446.515000000000  438.249166666667  248.656666666667   50.466750000000
197606    2.009075000000  174.618333333333  446.516666666667  438.252500000000  248.656666666667   50.466666666667
197607    2.008775000000  174.616666666667  446.514166666667  438.250000000000  248.657500000000   50.466666666667
197608    2.008608333333  174.610833333333  446.510000000000  438.245833333333  248.655833333333   50.466333333333
197609    2.009491666667  174.621666666667  446.520000000000  438.253333333333  248.657500000000   50.467000000000
197610    2.009833333333  174.620000000000  446.519166666667  438.252500000000  248.655833333333   50.467000000000
197611    2.010341666667  174.623333333333  446.520833333333  438.253333333333  248.657500000000   50.467166666667
197612    2.010858333333  174.628333333333  446.529166666667  438.260000000000  248.658333333333   50.467500000000
197701    2.017158333333  174.669166666667  446.575000000000  438.285000000000  248.661666666667   50.470333333333
197702    2.018766666667  174.684166666667  446.592500000000  438.297500000000  248.664166666667   50.471333333333
197703    2.020066666667  174.685000000000  446.591666666667  438.295833333333  248.663333333333   50.471500000000
197704    2.019383333333  174.682500000000  446.588333333333  438.294166666667  248.663333333333   50.471333333333
197705    2.018958333333  174.680000000000  446.587500000000  438.293333333333  248.665000000000   50.471166666667
197706    2.018100000000  174.673333333333  446.578333333333  438.287500000000  248.663333333333   50.470750000000
197707    2.019558333333  174.689166666667  446.601666666667  438.301666666667  248.665833333333   50.471750000000
197708    2.019158333333  174.683333333333  446.590000000000  438.295000000000  248.664166666667   50.471416666667
197709    2.020433333333  174.689166666667  446.595833333333  438.297500000000  248.663333333333   50.471666666667
197710    2.020975000000  174.691666666667  446.599166666667  438.299166666667  248.665000000000   50.471916666667
197711    2.020950000000  174.690833333333  446.595833333333  438.297500000000  248.663333333333   50.471750000000
197712    2.019716666667  174.674166666667  446.575833333333  438.284166666667  248.660000000000   50.470916666667
197801    2.051516666667  174.870833333333  446.789166666667  438.408333333333  248.680000000000   50.484583333333
197802    2.052183333333  174.848333333333  446.745000000000  438.379166666667  248.670000000000   50.483416666667
197803    2.050475000000  174.834166666667  446.725000000000  438.364166666667  248.665833333333   50.482250000000
197804    2.049300000000  174.821666666667  446.712500000000  438.355833333333  248.665833333333   50.481750000000
197805    2.049291666667  174.830833333333  446.727500000000  438.365000000000  248.667500000000   50.482333333333
197806    2.049508333333  174.841666666667  446.745000000000  438.378333333333  248.671666666667   50.482750000000
197807    2.048466666667  174.837500000000  446.743333333333  438.378333333333  248.673333333333   50.482333333333
197808    2.047000000000  174.802500000000  446.685000000000  438.338333333333  248.662500000000   50.480333333333
197809    2.049025000000  174.808333333333  446.684166666667  438.335833333333  248.659166666667   50.480666666667
197810    2.048400000000  174.775833333333  446.636666666667  438.302500000000  248.650000000000   50.479083333333
197811    2.046758333333  174.732500000000  446.561666666667  438.250833333333  248.634166666667   50.476416666667
197812    2.048925000000  174.759166666667  446.601666666667  438.278333333333  248.642500000000   50.478250000000
197901    2.075100000000  174.956666666667  446.841666666667  438.426666666667  248.672500000000   50.491416666667
197902    2.076683333333  174.978333333333  446.875000000000  438.446666666667  248.679166666667   50.492750000000
197903    2.077825000000  174.950000000000  446.816666666667  438.406666666667  248.664166666667   50.491333333333
197904    2.078150000000  174.952500000000  446.819166666667  438.406666666667  248.662500000000   50.491333333333
197905    2.078916666667  174.971666666667  446.854166666667  438.431666666667  248.670833333333   50.492750000000
197906    2.079016666667  174.960833333333  446.835833333333  438.418333333333  248.666666666667   50.492083333333
197907    2.080683333333  174.959166666667  446.822500000000  438.407500000000  248.662500000000   50.492083333333
197908    2.081250000000  174.956666666667  446.818333333333  438.403333333333  248.660833333333   50.492000000000
197909    2.080783333333  174.934166666667  446.776666666667  438.374166666667  248.652500000000   50.490583333333
197910    2.080008333333  174.927500000000  446.770833333333  438.370833333333  248.652500000000   50.490250000000
197911    2.079450000000  174.927500000000  446.772500000000  438.373333333333  248.654166666667   50.490250000000
197912    2.080300000000  174.970000000000  446.844166666667  438.422500000000  248.666666666667   50.492583333333
198001    2.076108333333  174.965000000000  446.853333333333  438.432500000000  248.673333333333   50.492000000000
198002    2.076033333333  174.950833333333  446.830000000000  438.415000000000  248.669166666667   50.491250000000
198003    2.076525000000  174.967500000000  446.855833333333  438.433333333333  248.673333333333   50.492166666667
198004    2.075808333333  174.946666666667  446.822500000000  438.411666666667  248.665833333333   50.490916666667
198005    2.076683333333  174.973333333333  446.865000000000  438.440000000000  248.675833333333   50.492583333333
198006    2.075733333333  174.946666666667  446.823333333333  438.412500000000  248.667500000000   50.491000000000
198007    2.074783333333  174.942500000000  446.820000000000  438.410000000000  248.668333333333   50.490666666667
198008    2.074333333333  174.901666666667  446.750000000000  438.359166666667  248.651666666667   50.488416666667
198009    2.075141666667  174.910833333333  446.762500000000  438.370833333333  248.655833333333   50.489000000000
198010    2.075433333333  174.933333333333  446.800833333333  438.395000000000  248.663333333333   50.490250000000
198011    2.077066666667  174.928333333333  446.783333333333  438.381666666667  248.658333333333   50.490000000000
198012    2.078466666667  174.930000000000  446.776666666667  438.376666666667  248.655000000000   50.490166666667
198101    2.083841666667  175.020000000000  446.919166666667  438.471666666667  248.680000000000   50.495750000000
198102    2.084200000000  175.012500000000  446.906666666667  438.460833333333  248.679166666667   50.495333333333
198103    2.084108333333  175.021666666667  446.921666666667  438.472500000000  248.680833333333   50.495750000000
198104    2.082925000000  175.018333333333  446.920833333333  438.475000000000  248.682500000000   50.495416666667
198105    2.082225000000  175.017500000000  446.920000000000  438.475000000000  248.683333333333   50.495583333333
198106    2.082100000000  175.016666666667  446.919166666667  438.473333333333  248.683333333333   50.495250000000
198107    2.081816666667  174.993333333333  446.881666666667  438.447500000000  248.675000000000   50.494083333333
198108    2.081866666667  174.985000000000  446.865833333333  438.434166666667  248.671666666667   50.493750000000
198109    2.081216666667  174.954166666667  446.814166666667  438.402500000000  248.660833333333   50.492000000000
198110    2.081725000000  174.959166666667  446.820000000000  438.404166666667  248.661666666667   50.492250000000
198111    2.081158333333  174.943333333333  446.795000000000  438.385000000000  248.657500000000   50.491166666667
198112    2.080641666667  174.955833333333  446.817500000000  438.402500000000  248.662500000000   50.491750000000
198201    2.070433333333  174.910000000000  446.780000000000  438.385000000000  248.661666666667   50.488583333333
198202    2.070216666667  174.934166666667  446.820833333333  438.416666666667  248.671666666667   50.489666666667
198203    2.070816666667  174.950833333333  446.852500000000  438.436666666667  248.676666666667   50.490666666667
198204    2.070491666667  174.955833333333  446.863333333333  438.442500000000  248.680000000000   50.490916666667
198205    2.069558333333  174.925000000000  446.811666666667  438.406666666667  248.670000000000   50.489083333333
198206    2.070116666667  174.943333333333  446.840833333333  438.428333333333  248.676666666667   50.490083333333
198207    2.070500000000  174.943333333333  446.838333333333  438.426666666667  248.675833333333   50.490166666667
198208    2.068541666667  174.913333333333  446.793333333333  438.396666666667  248.665833333333   50.488583333333
198209    2.069316666667  174.921666666667  446.803333333333  438.404166666667  248.666666666667   50.488750000000
198210    2.068141666667  174.888333333333  446.747500000000  438.363333333333  248.656666666667   50.486916666667
198211    2.066858333333  174.843333333333  446.677500000000  438.314166666667  248.641666666667   50.484333333333
198212    2.065983333333  174.833333333333  446.665000000000  438.310000000000  248.640000000000   50.483916666667
198301    2.042991666667  174.797500000000  446.694166666667  438.348333333333  248.667500000000   50.479666666667
198302    2.043391666667  174.806666666667  446.708333333333  438.357500000000  248.667500000000   50.480166666667
198303    2.043350000000  174.807500000000  446.709166666667  438.358333333333  248.670833333333   50.480250000000
198304    2.043683333333  174.810833333333  446.715000000000  438.362500000000  248.670000000000   50.480416666667
198305    2.044408333333  174.791666666667  446.674166666667  438.332500000000  248.660833333333   50.479416666667
198306    2.044175000000  174.790833333333  446.677500000000  438.335000000000  248.661666666667   50.479416666667
198307    2.044416666667  174.792500000000  446.679166666667  438.337500000000  248.662500000000   50.479500000000
198308    2.044700000000  174.803333333333  446.696666666667  438.349166666667  248.665833333333   50.480250000000
198309    2.044175000000  174.800833333333  446.696666666667  438.348333333333  248.667500000000   50.480166666667
198310    2.043891666667  174.809166666667  446.713333333333  438.359166666667  248.670000000000   50.480416666667
198311    2.043166666667  174.801666666667  446.700833333333  438.352500000000  248.667500000000   50.479916666667
198312    2.042025000000  174.809166666667  446.717500000000  438.364166666667  248.671666666667   50.480416666667
198401    2.027083333333  174.662500000000  446.525000000000  438.240000000000  248.641666666667   50.471000000000
198402    2.027808333333  174.699166666667  446.583333333333  438.283333333333  248.655833333333   50.473166666667
198403    2.028575000000  174.731666666667  446.641666666667  438.323333333333  248.665833333333   50.475000000000
198404    2.028541666667  174.750833333333  446.671666666667  438.343333333333  248.673333333333   50.475833333333
198405    2.028333333333  174.755000000000  446.679166666667  438.349166666667  248.675000000000   50.475916666667
198406    2.028166666667  174.755000000000  446.678333333333  438.349166666667  248.674166666667   50.476083333333
198407    2.028066666667  174.747500000000  446.665000000000  438.340833333333  248.673333333333   50.475583333333
198408    2.027641666667  174.730000000000  446.637500000000  438.321666666667  248.668333333333   50.474500000000
198409    2.027475000000  174.711666666667  446.606666666667  438.299166666667  248.660833333333   50.473583333333
198410    2.027233333333  174.703333333333  446.592500000000  438.290833333333  248.658333333333   50.472916666667
198411    2.026525000000  174.695000000000  446.582500000000  438.281666666667  248.653333333333   50.472583333333
198412    2.025866666667  174.687500000000  446.571666666667  438.275833333333  248.653333333333   50.472250000000
198501    2.009333333333  174.625000000000  446.529166666667  438.262500000000  248.659166666667   50.467166666667
198502    2.008791666667  174.620000000000  446.523333333333  438.256666666667  248.660000000000   50.466916666667
198503    2.009000000000  174.621666666667  446.525833333333  438.256666666667  248.659166666667   50.466916666667
198504    2.009216666667  174.623333333333  446.528333333333  438.259166666667  248.658333333333   50.467166666667
198505    2.009133333333  174.619166666667  446.521666666667  438.255833333333  248.656666666667   50.467083333333
198506    2.009625000000  174.624166666667  446.523333333333  438.256666666667  248.657500000000   50.466916666667
198507    2.009458333333  174.613333333333  446.507500000000  438.244166666667  248.653333333333   50.466416666667
198508    2.009691666667  174.615000000000  446.510000000000  438.246666666667  248.655000000000   50.466500000000
198509    2.009658333333  174.613333333333  446.505833333333  438.243333333333  248.654166666667   50.466666666667
198510    2.009950000000  174.613333333333  446.505833333333  438.241666666667  248.652500000000   50.466666666667
198511    2.010441666667  174.615833333333  446.509166666667  438.245000000000  248.652500000000   50.466833333333
198512    2.010775000000  174.621666666667  446.520000000000  438.253333333333  248.655833333333   50.467333333333
198601    2.009166666667  174.616666666667  446.514166666667  438.249166666667  248.655000000000   50.466750000000
198602    2.009808333333  174.615833333333  446.511666666667  438.247500000000  248.655833333333   50.466583333333
198603    2.009933333333  174.615000000000  446.507500000000  438.244166666667  248.655000000000   50.466666666667
198604    2.009616666667  174.610000000000  446.502500000000  438.240833333333  248.652500000000   50.466333333333
198605    2.010441666667  174.619166666667  446.511666666667  438.247500000000  248.655000000000   50.466916666667
198606    2.010000000000  174.619166666667  446.511666666667  438.247500000000  248.655833333333   50.466750000000
198607    2.009991666667  174.622500000000  446.518333333333  438.252500000000  248.655000000000   50.467083333333
198608    2.009708333333  174.625000000000  446.525000000000  438.255833333333  248.658333333333   50.467000000000
198609    2.009766666667  174.623333333333  446.524166666667  438.255833333333  248.658333333333   50.467083333333
198610    2.009516666667  174.622500000000  446.523333333333  438.256666666667  248.660000000000   50.466916666667
198611    2.008966666667  174.617500000000  446.515833333333  438.250000000000  248.657500000000   50.466583333333
198612    2.008908333333  174.619166666667  446.522500000000  438.254166666667  248.659166666667   50.466666666667
198701    2.013991666667  174.657500000000  446.564166666667  438.283333333333  248.663333333333   50.469416666667
198702    2.013725000000  174.652500000000  446.564166666667  438.280833333333  248.663333333333   50.469250000000
198703    2.013950000000  174.658333333333  446.570000000000  438.284166666667  248.663333333333   50.469500000000
198704    2.014100000000  174.659166666667  446.570000000000  438.285000000000  248.664166666667   50.469500000000
198705    2.014083333333  174.657500000000  446.568333333333  438.283333333333  248.665000000000   50.469583333333
198706    2.014166666667  174.655833333333  446.562500000000  438.280000000000  248.662500000000   50.469333333333
198707    2.014316666667  174.649166666667  446.551666666667  438.272500000000  248.660833333333   50.469166666667
198708    2.014666666667  174.647500000000  446.547500000000  438.268333333333  248.659166666667   50.469000000000
198709    2.015058333333  174.653333333333  446.555833333333  438.273333333333  248.660000000000   50.469583333333
198710    2.015316666667  174.659166666667  446.562500000000  438.280833333333  248.660833333333   50.469833333333
198711    2.015808333333  174.666666666667  446.572500000000  438.286666666667  248.663333333333   50.470000000000
198712    2.015791666667  174.661666666667  446.569166666667  438.280833333333  248.662500000000   50.469916666667
198801    2.044191666667  174.728333333333  446.570833333333  438.257500000000  248.636666666667   50.476250000000
198802    2.044525000000  174.737500000000  446.585000000000  438.267500000000  248.641666666667   50.476666666667
198803    2.044591666667  174.751666666667  446.605000000000  438.285833333333  248.645000000000   50.477250000000
198804    2.044250000000  174.764166666667  446.631666666667  438.303333333333  248.651666666667   50.478083333333
198805    2.044391666667  174.786666666667  446.670833333333  438.332500000000  248.660833333333   50.479416666667
198806    2.044108333333  174.811666666667  446.713333333333  438.361666666667  248.670000000000   50.480500000000
198807    2.043783333333  174.814166666667  446.723333333333  438.369166666667  248.672500000000   50.480916666667
198808    2.043241666667  174.810833333333  446.720000000000  438.365000000000  248.672500000000   50.480500000000
198809    2.043500000000  174.812500000000  446.716666666667  438.364166666667  248.671666666667   50.480750000000
198810    2.043275000000  174.794166666667  446.689166666667  438.345000000000  248.663333333333   50.479583333333
198811    2.043425000000  174.813333333333  446.719166666667  438.365833333333  248.672500000000   50.480500000000
198812    2.043900000000  174.819166666667  446.731666666667  438.374166666667  248.674166666667   50.481166666667
198901    2.069558333333  174.955833333333  446.864166666667  438.447500000000  248.680833333333   50.490916666667
198902    2.071016666667  174.963333333333  446.871666666667  438.450000000000  248.682500000000   50.491500000000
198903    2.073608333333  174.959166666667  446.855000000000  438.436666666667  248.676666666667   50.491500000000
198904    2.076700000000  174.984166666667  446.885833333333  438.454166666667  248.681666666667   50.493000000000
198905    2.079475000000  174.984166666667  446.875000000000  438.444166666667  248.675833333333   50.493333333333
198906    2.082975000000  175.013333333333  446.910000000000  438.467500000000  248.681666666667   50.495416666667
198907    2.087208333333  175.037500000000  446.939166666667  438.483333333333  248.683333333333   50.496916666667
198908    2.090616666667  175.076666666667  446.991666666667  438.517500000000  248.691666666667   50.499500000000
198909    2.092366666667  175.042500000000  446.919166666667  438.465000000000  248.675833333333   50.497583333333
198910    2.093850000000  175.076666666667  446.978333333333  438.505833333333  248.686666666667   50.499666666667
198911    2.094208333333  175.063333333333  446.954166666667  438.488333333333  248.681666666667   50.499000000000
198912    2.093600000000  175.045000000000  446.923333333333  438.465833333333  248.675000000000   50.497916666667
199001    2.064883333333  174.926666666667  446.832500000000  438.427500000000  248.679166666667   50.488666666667
199002    2.063358333333  174.907500000000  446.805000000000  438.409166666667  248.674166666667   50.487583333333
199003    2.062233333333  174.905833333333  446.806666666667  438.410000000000  248.675000000000   50.487500000000
199004    2.060966666667  174.899166666667  446.798333333333  438.408333333333  248.675000000000   50.487000000000
199005    2.061208333333  174.907500000000  446.814166666667  438.418333333333  248.678333333333   50.487583333333
199006    2.062066666667  174.910000000000  446.813333333333  438.415833333333  248.677500000000   50.487583333333
199007    2.063808333333  174.929166666667  446.839166666667  438.433333333333  248.681666666667   50.488666666667
199008    2.065008333333  174.945000000000  446.862500000000  438.448333333333  248.683333333333   50.489666666667
199009    2.066500000000  174.968333333333  446.900000000000  438.474166666667  248.692500000000   50.491333333333
199010    2.067291666667  174.958333333333  446.878333333333  438.458333333333  248.688333333333   50.490750000000
199011    2.069825000000  174.998333333333  446.937500000000  438.499166666667  248.699166666667   50.493416666667
199012    2.071066666667  174.994166666667  446.925833333333  438.489166666667  248.694166666667   50.493166666667
199101    2.076591666667  174.911666666667  446.756666666667  438.364166666667  248.653333333333   50.489083333333
199102    2.076041666667  174.933333333333  446.799166666667  438.395000000000  248.661666666667   50.490333333333
199103    2.075841666667  174.968333333333  446.860833333333  438.437500000000  248.675000000000   50.492250000000
199104    2.075500000000  174.989166666667  446.898333333333  438.464166666667  248.683333333333   50.493166666667
199105    2.075683333333  174.975833333333  446.875000000000  438.449166666667  248.680000000000   50.492500000000
199106    2.075141666667  174.977500000000  446.879166666667  438.451666666667  248.680000000000   50.492666666667
199107    2.075658333333  174.990000000000  446.898333333333  438.463333333333  248.684166666667   50.493083333333
199108    2.075891666667  174.970000000000  446.861666666667  438.440000000000  248.675000000000   50.492250000000
199109    2.075416666667  174.935833333333  446.802500000000  438.397500000000  248.662500000000   50.490166666667
199110    2.076183333333  174.940833333333  446.807500000000  438.400000000000  248.665000000000   50.490416666667
199111    2.075625000000  174.943333333333  446.816666666667  438.407500000000  248.666666666667   50.490750000000
199112    2.075741666667  174.920833333333  446.775000000000  438.376666666667  248.655833333333   50.489500000000
199201    2.050316666667  174.833333333333  446.726666666667  438.365000000000  248.666666666667   50.482666666667
199202    2.050575000000  174.849166666667  446.756666666667  438.387500000000  248.673333333333   50.483416666667
199203    2.050066666667  174.846666666667  446.752500000000  438.385000000000  248.672500000000   50.483250000000
199204    2.049558333333  174.829166666667  446.720000000000  438.360000000000  248.665833333333   50.482000000000
199205    2.049333333333  174.831666666667  446.725000000000  438.362500000000  248.669166666667   50.482250000000
199206    2.049975000000  174.825833333333  446.717500000000  438.357500000000  248.665000000000   50.482083333333
199207    2.051283333333  174.830833333333  446.719166666667  438.360000000000  248.665833333333   50.482250000000
199208    2.052933333333  174.849166666667  446.745000000000  438.376666666667  248.669166666667   50.483416666667
199209    2.053600000000  174.859166666667  446.758333333333  438.385000000000  248.672500000000   50.484250000000
199210    2.053400000000  174.847500000000  446.740000000000  438.371666666667  248.666666666667   50.483583333333
199211    2.054416666667  174.865833333333  446.770000000000  438.393333333333  248.673333333333   50.484666666667
199212    2.054050000000  174.863333333333  446.766666666667  438.390833333333  248.673333333333   50.484500000000
199301    2.033358333333  174.761666666667  446.672500000000  438.340833333333  248.670000000000   50.476916666667
199302    2.033750000000  174.758333333333  446.662500000000  438.334166666667  248.667500000000   50.476666666667
199303    2.033441666667  174.741666666667  446.636666666667  438.315833333333  248.661666666667   50.475666666667
199304    2.034633333333  174.742500000000  446.631666666667  438.312500000000  248.660000000000   50.475833333333
199305    2.033941666667  174.722500000000  446.601666666667  438.289166666667  248.652500000000   50.474750000000
199306    2.034166666667  174.720833333333  446.595833333333  438.286666666667  248.653333333333   50.474750000000
199307    2.033591666667  174.716666666667  446.587500000000  438.280833333333  248.651666666667   50.474500000000
199308    2.032775000000  174.712500000000  446.589166666667  438.280833333333  248.651666666667   50.474250000000
199309    2.031358333333  174.702500000000  446.575833333333  438.274166666667  248.650000000000   50.473583333333
199310    2.031108333333  174.710000000000  446.588333333333  438.282500000000  248.653333333333   50.473833333333
199311    2.030525000000  174.723333333333  446.615000000000  438.300000000000  248.659166666667   50.474416666667
199312    2.029866666667  174.735833333333  446.642500000000  438.321666666667  248.665833333333   50.475250000000
199401    2.019258333333  174.675833333333  446.578333333333  438.286666666667  248.661666666667   50.471083333333
199402    2.018450000000  174.655000000000  446.544166666667  438.264166666667  248.654166666667   50.469833333333
199403    2.018241666667  174.655000000000  446.545833333333  438.264166666667  248.655833333333   50.469750000000
199404    2.018241666667  174.655000000000  446.542500000000  438.264166666667  248.652500000000   50.469666666667
199405    2.017741666667  174.656666666667  446.550000000000  438.266666666667  248.655833333333   50.469750000000
199406    2.017500000000  174.650833333333  446.539166666667  438.260000000000  248.654166666667   50.469416666667
199407    2.017583333333  174.657500000000  446.551666666667  438.269166666667  248.655833333333   50.469916666667
199408    2.017375000000  174.663333333333  446.561666666667  438.275833333333  248.657500000000   50.470000000000
199409    2.017350000000  174.663333333333  446.564166666667  438.278333333333  248.660000000000   50.470000000000
199410    2.016583333333  174.643333333333  446.531666666667  438.255000000000  248.654166666667   50.468916666667
199411    2.016625000000  174.658333333333  446.559166666667  438.275000000000  248.658333333333   50.469833333333
199412    2.016900000000  174.655833333333  446.552500000000  438.272500000000  248.656666666667   50.469583333333
199501    2.011275000000  174.632500000000  446.536666666667  438.261666666667  248.658333333333   50.467750000000
199502    2.010916666667  174.629166666667  446.531666666667  438.258333333333  248.659166666667   50.467583333333
199503    2.011400000000  174.633333333333  446.535833333333  438.263333333333  248.658333333333   50.467916666667
199504    2.011283333333  174.634166666667  446.538333333333  438.264166666667  248.659166666667   50.467916666667
199505    2.011566666667  174.635000000000  446.538333333333  438.265000000000  248.660833333333   50.468166666667
199506    2.011825000000  174.641666666667  446.546666666667  438.270000000000  248.660833333333   50.468166666667
199507    2.012258333333  174.645000000000  446.549166666667  438.272500000000  248.660833333333   50.468500000000
199508    2.012433333333  174.646666666667  446.553333333333  438.274166666667  248.662500000000   50.468583333333
199509    2.011783333333  174.636666666667  446.542500000000  438.267500000000  248.659166666667   50.468166666667
199510    2.012033333333  174.642500000000  446.545833333333  438.271666666667  248.659166666667   50.468166666667
199511    2.011916666667  174.634166666667  446.534166666667  438.261666666667  248.657500000000   50.468000000000
199512    2.012200000000  174.638333333333  446.542500000000  438.268333333333  248.657500000000   50.468333333333
199601    2.008583333333  174.617500000000  446.519166666667  438.254166666667  248.656666666667   50.466750000000
199602    2.008550000000  174.620000000000  446.521666666667  438.255833333333  248.658333333333   50.466833333333
199603    2.008200000000  174.617500000000  446.516666666667  438.253333333333  248.656666666667   50.466500000000
199604    2.007558333333  174.610833333333  446.510000000000  438.249166666667  248.655000000000   50.466166666667
199605    2.007425000000  174.601666666667  446.499166666667  438.239166666667  248.655000000000   50.465833333333
199606    2.006950000000  174.606666666667  446.505833333333  438.245000000000  248.656666666667   50.465916666667
199607    2.007225000000  174.610000000000  446.510833333333  438.248333333333  248.656666666667   50.466250000000
199608    2.007250000000  174.607500000000  446.506666666667  438.247500000000  248.656666666667   50.466166666667
199609    2.007425000000  174.605833333333  446.505000000000  438.245833333333  248.656666666667   50.466250000000
199610    2.006858333333  174.604166666667  446.502500000000  438.243333333333  248.655000000000   50.465833333333
199611    2.007133333333  174.606666666667  446.504166666667  438.245000000000  248.656666666667   50.465916666667
199612    2.007191666667  174.609166666667  446.510000000000  438.248333333333  248.656666666667   50.466166666667
199701    2.014991666667  174.659166666667  446.566666666667  438.281666666667  248.662500000000   50.469666666667
199702    2.015183333333  174.655000000000  446.558333333333  438.276666666667  248.660000000000   50.469333333333
199703    2.015316666667  174.655000000000  446.557500000000  438.274166666667  248.660000000000   50.469333333333
199704    2.014758333333  174.625000000000  446.508333333333  438.240000000000  248.648333333333   50.467750000000
199705    2.015358333333  174.658333333333  446.565000000000  438.280833333333  248.662500000000   50.469666666667
199706    2.014783333333  174.658333333333  446.566666666667  438.281666666667  248.662500000000   50.469583333333
199707    2.014558333333  174.660833333333  446.567500000000  438.281666666667  248.663333333333   50.469666666667
199708    2.014516666667  174.656666666667  446.562500000000  438.280000000000  248.661666666667   50.469500000000
199709    2.013916666667  174.648333333333  446.549166666667  438.270833333333  248.658333333333   50.468916666667
199710    2.013725000000  174.639166666667  446.536666666667  438.260833333333  248.656666666667   50.468333333333
199711    2.013916666667  174.643333333333  446.541666666667  438.265833333333  248.657500000000   50.468666666667
199712    2.013508333333  174.643333333333  446.545000000000  438.266666666667  248.658333333333   50.468666666667
199801    2.035541666667  174.776666666667  446.684166666667  438.350000000000  248.670000000000   50.477750000000
199802    2.034808333333  174.768333333333  446.675000000000  438.340833333333  248.668333333333   50.477416666667
199803    2.034916666667  174.763333333333  446.670833333333  438.339166666667  248.668333333333   50.477250000000
199804    2.034991666667  174.756666666667  446.651666666667  438.326666666667  248.663333333333   50.476583333333
199805    2.035350000000  174.751666666667  446.646666666667  438.318333333333  248.663333333333   50.476583333333
199806    2.035775000000  174.762500000000  446.665833333333  438.333333333333  248.666666666667   50.477083333333
199807    2.036000000000  174.767500000000  446.671666666667  438.337500000000  248.668333333333   50.477500000000
199808    2.035758333333  174.762500000000  446.663333333333  438.331666666667  248.665000000000   50.477083333333
199809    2.036525000000  174.776666666667  446.685000000000  438.346666666667  248.670000000000   50.478000000000
199810    2.035891666667  174.771666666667  446.675833333333  438.342500000000  248.669166666667   50.477666666667
199811    2.035691666667  174.773333333333  446.682500000000  438.349166666667  248.670000000000   50.477833333333
199812    2.036391666667  174.776666666667  446.681666666667  438.346666666667  248.670833333333   50.478083333333
199901    2.050816666667  174.874166666667  446.797500000000  438.412500000000  248.682500000000   50.484583333333
199902    2.050241666667  174.861666666667  446.775833333333  438.401666666667  248.678333333333   50.483750000000
199903    2.049950000000  174.870833333333  446.794166666667  438.410833333333  248.681666666667   50.484416666667
199904    2.048891666667  174.865833333333  446.792500000000  438.412500000000  248.682500000000   50.484000000000
199905    2.048600000000  174.856666666667  446.775000000000  438.400000000000  248.679166666667   50.483500000000
199906    2.048750000000  174.872500000000  446.803333333333  438.420833333333  248.685833333333   50.484416666667
199907    2.048875000000  174.869166666667  446.796666666667  438.414166666667  248.685833333333   50.484083333333
199908    2.050350000000  174.881666666667  446.812500000000  438.426666666667  248.687500000000   50.485250000000
199909    2.051566666667  174.878333333333  446.800833333333  438.415833333333  248.684166666667   50.484750000000
199910    2.052133333333  174.864166666667  446.775000000000  438.399166666667  248.677500000000   50.484416666667
199911    2.053350000000  174.865833333333  446.769166666667  438.392500000000  248.674166666667   50.484416666667
199912    2.053766666667  174.870000000000  446.779166666667  438.399166666667  248.676666666667   50.484750000000
200001    2.069291666667  174.945000000000  446.841666666667  438.433333333333  248.679166666667   50.490083333333
200002    2.069308333333  174.966666666667  446.882500000000  438.460833333333  248.685000000000   50.491416666667
200003    2.069308333333  174.985833333333  446.913333333333  438.480833333333  248.694166666667   50.492250000000
200004    2.069683333333  175.000833333333  446.938333333333  438.498333333333  248.698333333333   50.493000000000
200005    2.069383333333  175.005833333333  446.950833333333  438.507500000000  248.700833333333   50.493416666667
200006    2.068850000000  175.003333333333  446.944166666667  438.506666666667  248.700833333333   50.493166666667
200007    2.068100000000  175.000000000000  446.945000000000  438.505833333333  248.700000000000   50.493083333333
200008    2.067533333333  174.969166666667  446.889166666667  438.465833333333  248.690000000000   50.491166666667
200009    2.069141666667  175.009166666667  446.955000000000  438.511666666667  248.701666666667   50.493416666667
200010    2.068125000000  174.975833333333  446.904166666667  438.474166666667  248.691666666667   50.491750000000
200011    2.069025000000  174.995000000000  446.928333333333  438.493333333333  248.696666666667   50.492750000000
200012    2.070516666667  174.987500000000  446.910833333333  438.477500000000  248.692500000000   50.492166666667
200101    2.065975000000  174.909166666667  446.793333333333  438.398333333333  248.669166666667   50.487833333333
200102    2.065650000000  174.925833333333  446.821666666667  438.418333333333  248.675833333333   50.488500000000
200103    2.066791666667  174.945000000000  446.854166666667  438.440833333333  248.683333333333   50.489833333333
200104    2.066650000000  174.946666666667  446.854166666667  438.443333333333  248.681666666667   50.489833333333
200105    2.067091666667  174.946666666667  446.855000000000  438.441666666667  248.683333333333   50.489916666667
200106    2.066933333333  174.935833333333  446.834166666667  438.427500000000  248.677500000000   50.489416666667
200107    2.067000000000  174.942500000000  446.846666666667  438.435833333333  248.680833333333   50.489666666667
200108    2.066958333333  174.945000000000  446.852500000000  438.440833333333  248.681666666667   50.489833333333
200109    2.067358333333  174.930000000000  446.820000000000  438.415833333333  248.674166666667   50.489000000000
200110    2.065800000000  174.925000000000  446.818333333333  438.420000000000  248.676666666667   50.488416666667
200111    2.065858333333  174.925833333333  446.820000000000  438.418333333333  248.675833333333   50.488500000000
200112    2.065683333333  174.923333333333  446.819166666666  438.415833333333  248.675000000000   50.488416666667
200201    2.072483333333  174.971666666667  446.875833333333  438.452500000000  248.682500000000   50.491916666667
200202    2.072016666667  174.957500000000  446.850833333333  438.435000000000  248.677500000000   50.490916666667
200203    2.072383333333  174.968333333333  446.866666666667  438.446666666667  248.681666666667   50.491416666667
200204    2.073100000000  174.975000000000  446.880833333333  438.453333333333  248.682500000000   50.492083333333
200205    2.073433333333  174.968333333333  446.869166666667  438.445000000000  248.680000000000   50.491666666667
200206    2.073416666667  174.994166666667  446.912500000000  438.477500000000  248.689166666667   50.493166666667
200207    2.072966666667  175.008333333333  446.941666666667  438.498333333333  248.696666666667   50.493833333333
200208    2.072908333333  175.018333333333  446.954166666667  438.507500000000  248.700000000000   50.494500000000
200209    2.073708333333  175.004166666667  446.926666666667  438.486666666667  248.692500000000   50.493833333333
200210    2.073891666667  174.981666666667  446.889166666667  438.462500000000  248.685000000000   50.492500000000
200211    2.073550000000  174.981666666667  446.889166666667  438.461666666667  248.683333333333   50.492666666667
200212    2.073241666667  174.974166666667  446.876666666667  438.452500000000  248.682500000000   50.491916666667
200301    2.049225000000  174.826666666667  446.714166666667  438.359166666667  248.666666666667   50.481750000000
200302    2.048033333333  174.830000000000  446.727500000000  438.369166666667  248.668333333333   50.481833333333
200303    2.047225000000  174.838333333333  446.742500000000  438.380833333333  248.674166666667   50.482000000000
200304    2.045866666667  174.814166666667  446.705833333333  438.353333333333  248.668333333333   50.480750000000
200305    2.045741666667  174.818333333333  446.715000000000  438.360833333333  248.669166666667   50.480833333333
200306    2.044983333333  174.819166666667  446.719166666667  438.365833333333  248.673333333333   50.480833333333
200307    2.044058333333  174.819166666667  446.723333333333  438.369166666667  248.672500000000   50.480666666667
200308    2.042883333333  174.803333333333  446.702500000000  438.353333333333  248.669166666667   50.479833333333
200309    2.042975000000  174.810000000000  446.710833333333  438.361666666667  248.671666666667   50.480166666667
200310    2.043108333333  174.820833333333  446.728333333333  438.373333333333  248.675000000000   50.480750000000
200311    2.042716666667  174.813333333333  446.720000000000  438.366666666667  248.674166666667   50.480416666667
200312    2.042733333333  174.825833333333  446.740000000000  438.383333333333  248.676666666667   50.481000000000
200401    2.028575000000  174.740833333333  446.647500000000  438.328333333333  248.670833333333   50.474916666667
200402    2.028933333333  174.735000000000  446.635833333333  438.320833333333  248.665833333333   50.474666666667
200403    2.029091666667  174.731666666667  446.630833333333  438.315000000000  248.665833333333   50.474500000000
200404    2.029525000000  174.737500000000  446.636666666667  438.319166666667  248.665000000000   50.474666666667
200405    2.028558333333  174.720000000000  446.607500000000  438.301666666667  248.660833333333   50.473750000000
200406    2.029175000000  174.727500000000  446.621666666667  438.309166666667  248.661666666667   50.474333333333
200407    2.029116666667  174.732500000000  446.629166666667  438.316666666667  248.665000000000   50.474416666667
200408    2.029325000000  174.732500000000  446.629166666667  438.315833333333  248.664166666667   50.474583333333
200409    2.030158333333  174.739166666667  446.639166666667  438.320000000000  248.666666666667   50.475000000000
200410    2.029733333333  174.738333333333  446.640833333333  438.323333333333  248.668333333333   50.475000000000
200411    2.030483333333  174.742500000000  446.644166666667  438.324166666667  248.665833333333   50.475166666667
200412    2.031150000000  174.746666666667  446.646666666667  438.325000000000  248.666666666667   50.475583333333
200501    2.022391666667  174.690000000000  446.583333333333  438.289166666667  248.660833333333   50.471666666667
200502    2.022591666667  174.680833333333  446.565000000000  438.273333333333  248.655833333333   50.471166666667
200503    2.022808333333  174.681666666667  446.565000000000  438.274166666667  248.655833333333   50.471083333333
200504    2.023250000000  174.690000000000  446.581666666667  438.285833333333  248.659166666667   50.471583333333
200505    2.023958333333  174.700833333333  446.595000000000  438.295000000000  248.661666666667   50.472500000000
200506    2.023700000000  174.703333333333  446.598333333333  438.298333333333  248.664166666667   50.472416666667
200507    2.024108333333  174.707500000000  446.604166666667  438.301666666667  248.664166666667   50.472583333333
200508    2.024775000000  174.709166666667  446.605833333333  438.301666666667  248.662500000000   50.472833333333
200509    2.024366666667  174.696666666667  446.589166666667  438.290000000000  248.660833333333   50.472333333333
200510    2.024458333333  174.693333333333  446.580833333333  438.284166666667  248.659166666667   50.471833333333
200511    2.023825000000  174.680000000000  446.560000000000  438.270833333333  248.655000000000   50.471250000000
200512    2.024116666667  174.678333333333  446.556666666667  438.268333333333  248.654166666667   50.471083333333
200601    2.018466666667  174.675000000000  446.576666666667  438.287500000000  248.663333333333   50.470500000000
200602    2.017941666667  174.669166666667  446.565000000000  438.277500000000  248.660000000000   50.470166666667
200603    2.017025000000  174.659166666667  446.553333333333  438.273333333333  248.658333333333   50.469666666667
200604    2.017183333333  174.660833333333  446.550000000000  438.273333333333  248.659166666667   50.469583333333
200605    2.017925000000  174.665833333333  446.560833333333  438.277500000000  248.659166666667   50.469833333333
200606    2.018075000000  174.674166666667  446.574166666667  438.285833333333  248.662500000000   50.470166666667
200607    2.017558333333  174.674166666667  446.576666666667  438.287500000000  248.663333333333   50.470333333333
200608    2.017033333333  174.667500000000  446.568333333333  438.280833333333  248.662500000000   50.470166666667
200609    2.017600000000  174.671666666667  446.569166666667  438.284166666667  248.660833333333   50.470250000000
200610    2.017675000000  174.670833333333  446.568333333333  438.281666666667  248.661666666667   50.470000000000
200611    2.016733333333  174.660833333333  446.553333333333  438.273333333333  248.659166666667   50.469416666667
200612    2.015916666667  174.646666666667  446.532500000000  438.258333333333  248.655000000000   50.468666666667
200701    2.012858333333  174.636666666667  446.527500000000  438.256666666667  248.656666666667   50.467750000000
200702    2.012908333333  174.635000000000  446.524166666667  438.255000000000  248.655000000000   50.467500000000
200703    2.012975000000  174.634166666667  446.524166666667  438.254166666667  248.654166666667   50.467750000000
200704    2.013016666667  174.637500000000  446.528333333333  438.256666666667  248.655833333333   50.467833333333
200705    2.013066666667  174.637500000000  446.529166666667  438.258333333333  248.655000000000   50.468083333333
200706    2.013175000000  174.642500000000  446.536666666667  438.264166666667  248.657500000000   50.468250000000
200707    2.013000000000  174.644166666667  446.540000000000  438.265833333333  248.658333333333   50.468083333333
200708    2.012950000000  174.642500000000  446.538333333333  438.265000000000  248.658333333333   50.468000000000
200709    2.012300000000  174.635833333333  446.527500000000  438.257500000000  248.656666666667   50.467500000000
200710    2.012008333333  174.633333333333  446.526666666667  438.257500000000  248.657500000000   50.467583333333
200711    2.011766666667  174.634166666667  446.528333333333  438.258333333333  248.656666666667   50.467916666667
200712    2.011441666667  174.634166666667  446.528333333333  438.260833333333  248.657500000000   50.467500000000
200801    2.008216666667  174.620833333333  446.515833333333  438.253333333333  248.657500000000   50.466333333333
200802    2.008583333333  174.620833333333  446.518333333333  438.255000000000  248.659166666667   50.466500000000
200803    2.009033333333  174.625833333333  446.525000000000  438.259166666667  248.660000000000   50.467000000000
200804    2.009183333333  174.627500000000  446.529166666667  438.260000000000  248.660000000000   50.466916666667
200805    2.009783333333  174.634166666667  446.535000000000  438.265833333333  248.660833333333   50.467416666667
200806    2.009808333333  174.632500000000  446.535000000000  438.265000000000  248.660833333333   50.467250000000
200807    2.008250000000  174.620833333333  446.520000000000  438.255000000000  248.659166666667   50.466583333333
200808    2.008491666667  174.623333333333  446.523333333333  438.257500000000  248.660000000000   50.466666666667
200809    2.009133333333  174.630000000000  446.530833333333  438.260833333333  248.660833333333   50.466916666667
200810    2.008916666667  174.626666666667  446.523333333333  438.259166666667  248.660000000000   50.466833333333
200811    2.008666666667  174.624166666667  446.521666666667  438.256666666667  248.659166666667   50.466833333333
200812    2.008575000000  174.621666666667  446.519166666667  438.255000000000  248.658333333333   50.466583333333
200901    2.009633333333  174.632500000000  446.533333333333  438.264166666667  248.659166666667   50.467250000000
200902    2.009866666667  174.635833333333  446.535833333333  438.265833333333  248.660000000000   50.467500000000
200903    2.009425000000  174.631666666667  446.532500000000  438.261666666667  248.660000000000   50.466916666667
200904    2.008883333333  174.625833333333  446.523333333333  438.260000000000  248.659166666667   50.466916666667
200905    2.008841666667  174.623333333333  446.521666666667  438.255833333333  248.658333333333   50.466666666667
200906    2.008991666667  174.624166666667  446.524166666667  438.258333333333  248.658333333333   50.466666666667
200907    2.009141666667  174.626666666667  446.525000000000  438.259166666667  248.658333333333   50.466833333333
200908    2.009325000000  174.628333333333  446.529166666667  438.262500000000  248.660000000000   50.467000000000
200909    2.008158333333  174.617500000000  446.517500000000  438.253333333333  248.658333333333   50.466250000000
200910    2.008350000000  174.621666666667  446.520000000000  438.256666666667  248.659166666667   50.466416666667
200911    2.009000000000  174.627500000000  446.526666666667  438.258333333333  248.660000000000   50.466750000000
200912    2.008933333333  174.626666666667  446.525000000000  438.258333333333  248.659166666667   50.467000000000
201001    2.016758333333  174.669166666667  446.568333333333  438.282500000000  248.661666666667   50.470000000000
201002    2.016100000000  174.664166666667  446.564166666667  438.280833333333  248.661666666667   50.469666666667
201003    2.016550000000  174.669166666667  446.568333333333  438.281666666667  248.663333333333   50.469750000000
201004    2.016791666667  174.676666666667  446.580833333333  438.291666666667  248.665000000000   50.470333333333
201005    2.017008333333  174.670833333333  446.570000000000  438.284166666667  248.663333333333   50.470250000000
201006    2.017308333333  174.675000000000  446.577500000000  438.289166666667  248.662500000000   50.470250000000
201007    2.017550000000  174.679166666667  446.584166666667  438.292500000000  248.665000000000   50.470500000000
201008    2.018166666667  174.685000000000  446.589166666667  438.294166666667  248.665000000000   50.470916666667
201009    2.018575000000  174.687500000000  446.596666666667  438.300000000000  248.665833333333   50.471250000000
201010    2.018666666667  174.689166666667  446.591666666667  438.300833333333  248.665833333333   50.471083333333
201011    2.019850000000  174.696666666667  446.603333333333  438.305000000000  248.667500000000   50.471750000000
201012    2.019833333333  174.695833333333  446.603333333333  438.303333333333  248.667500000000   50.471833333333
201101    2.035558333333  174.765833333333  446.665000000000  438.335000000000  248.666666666667   50.477000000000
201102    2.036191666667  174.765833333333  446.661666666667  438.331666666667  248.665833333333   50.477083333333
201103    2.037333333333  174.773333333333  446.669166666667  438.336666666667  248.667500000000   50.477833333333
201104    2.038033333333  174.769166666667  446.658333333333  438.326666666667  248.664166666667   50.477416666667
201105    2.038350000000  174.773333333333  446.662500000000  438.330833333333  248.665000000000   50.477500000000
201106    2.037508333333  174.770833333333  446.660000000000  438.330833333333  248.665833333333   50.477583333333
201107    2.038216666667  174.780833333333  446.679166666667  438.340833333333  248.669166666667   50.478083333333
201108    2.038175000000  174.791666666667  446.698333333333  438.355000000000  248.672500000000   50.478500000000
201109    2.037508333333  174.780833333333  446.679166666667  438.343333333333  248.667500000000   50.478083333333
201110    2.036341666667  174.781666666667  446.686666666667  438.349166666667  248.671666666667   50.478000000000
201111    2.035558333333  174.777500000000  446.684166666667  438.347500000000  248.672500000000   50.477666666667
201112    2.035925000000  174.786666666667  446.698333333333  438.358333333333  248.675000000000   50.478333333333
