197501   3.9377E-05  2.2081E-01  3.5725E-01  8.0140E-01  3.1779E+00  4.4808E-06
197502   3.9079E-05  2.1975E-01  3.3226E-01  7.4600E-01  2.9598E+00  4.4590E-06
197503   3.8679E-05  2.1726E-01  2.6635E-01  5.9780E-01  2.3717E+00  4.4086E-06
197504   3.8059E-05  2.1382E-01  1.7686E-01  3.9680E-01  1.5747E+00  4.3386E-06
197505   3.7583E-05  2.1052E-01  8.8580E-02  1.9850E-01  7.8630E-01  4.2724E-06
197506   3.7101E-05  2.0800E-01  2.4130E-02  5.3700E-02  2.1170E-01  4.2211E-06
197507   3.6869E-05  2.0703E-01  0.0000E+00  0.0000E+00  0.0000E+00  4.2011E-06
197508   3.6986E-05  2.0790E-01  2.3270E-02  5.2400E-02  2.0840E-01  4.2185E-06
197509   3.7385E-05  2.1034E-01  8.7870E-02  1.9760E-01  7.8430E-01  4.2679E-06
197510   3.7869E-05  2.1364E-01  1.7583E-01  3.9570E-01  1.5718E+00  4.3344E-06
197511   3.8495E-05  2.1709E-01  2.6558E-01  5.9710E-01  2.3700E+00  4.4045E-06
197512   3.8880E-05  2.1957E-01  3.3130E-01  7.4480E-01  2.9569E+00  4.4544E-06
197601   3.9693E-05  2.2109E-01  3.5820E-01  8.0180E-01  3.1784E+00  4.4880E-06
197602   3.9508E-05  2.2014E-01  3.3404E-01  7.4780E-01  2.9637E+00  4.4686E-06
197603   3.9045E-05  2.1760E-01  2.6821E-01  6.0010E-01  2.3773E+00  4.4169E-06
197604   3.8376E-05  2.1410E-01  1.7870E-01  3.9950E-01  1.5815E+00  4.3458E-06
197605   3.7672E-05  2.1060E-01  8.9700E-02  2.0050E-01  7.9200E-01  4.2743E-06
197606   3.7250E-05  2.0814E-01  2.5470E-02  5.6000E-02  2.1860E-01  4.2244E-06
197607   3.7016E-05  2.0717E-01  1.6400E-03  3.1000E-03  8.6000E-03  4.2044E-06
197608   3.7145E-05  2.0804E-01  2.4950E-02  5.5500E-02  2.1750E-01  4.2221E-06
197609   3.7785E-05  2.1071E-01  9.0230E-02  2.0100E-01  7.9330E-01  4.2769E-06
197610   3.8487E-05  2.1421E-01  1.7922E-01  3.9980E-01  1.5823E+00  4.3483E-06
197611   3.9232E-05  2.1777E-01  2.6888E-01  6.0080E-01  2.3788E+00  4.4211E-06
197612   3.9808E-05  2.2042E-01  3.3548E-01  7.4930E-01  2.9670E+00  4.4754E-06
197701   4.1518E-05  2.2276E-01  3.6574E-01  8.0870E-01  3.1926E+00  4.5293E-06
197702   4.1725E-05  2.2217E-01  3.4307E-01  7.5590E-01  2.9811E+00  4.5188E-06
197703   4.1567E-05  2.1990E-01  2.7813E-01  6.0860E-01  2.3943E+00  4.4740E-06
197704   4.0743E-05  2.1626E-01  1.8800E-01  4.0730E-01  1.5976E+00  4.3994E-06
197705   3.9994E-05  2.1272E-01  9.8920E-02  2.0830E-01  8.0750E-01  4.3269E-06
197706   3.9329E-05  2.1004E-01  3.3480E-02  6.2700E-02  2.3130E-01  4.2715E-06
197707   3.9478E-05  2.0941E-01  1.1450E-02  1.1700E-02  2.6500E-02  4.2601E-06
197708   3.9569E-05  2.1026E-01  3.4580E-02  6.3800E-02  2.3380E-01  4.2769E-06
197709   4.0339E-05  2.1304E-01  1.0017E-01  2.0920E-01  8.0950E-01  4.3347E-06
197710   4.1126E-05  2.1661E-01  1.8943E-01  4.0860E-01  1.5995E+00  4.4080E-06
197711   4.1783E-05  2.2010E-01  2.7893E-01  6.0920E-01  2.3955E+00  4.4789E-06
197712   4.1987E-05  2.2241E-01  3.4356E-01  7.5540E-01  2.9780E+00  4.5248E-06
197801   4.9953E-05  2.3046E-01  3.9823E-01  8.3470E-01  3.2418E+00  4.7204E-06
197802   4.9961E-05  2.2969E-01  3.7351E-01  7.7810E-01  3.0186E+00  4.7055E-06
197803   4.8983E-05  2.2668E-01  3.0541E-01  6.2810E-01  2.4273E+00  4.6422E-06
197804   4.7934E-05  2.2284E-01  2.1433E-01  4.2590E-01  1.6279E+00  4.5624E-06
197805   4.7148E-05  2.1926E-01  1.2528E-01  2.2750E-01  8.4030E-01  4.4891E-06
197806   4.6621E-05  2.1670E-01  6.0970E-02  8.3600E-02  2.6890E-01  4.4368E-06
197807   4.6177E-05  2.1553E-01  3.6470E-02  3.0300E-02  5.9000E-02  4.4120E-06
197808   4.6091E-05  2.1622E-01  5.7910E-02  7.9400E-02  2.5820E-01  4.4248E-06
197809   4.7130E-05  2.1924E-01  1.2432E-01  2.2510E-01  8.3280E-01  4.4888E-06
197810   4.7797E-05  2.2272E-01  2.1219E-01  4.2150E-01  1.6146E+00  4.5595E-06
197811   4.8243E-05  2.2601E-01  2.9935E-01  6.1750E-01  2.3974E+00  4.6257E-06
197812   4.9307E-05  2.2910E-01  3.6814E-01  7.6870E-01  2.9921E+00  4.6910E-06
197901   5.5851E-05  2.3586E-01  4.1862E-01  8.4730E-01  3.2587E+00  4.8543E-06
197902   5.5971E-05  2.3519E-01  3.9609E-01  7.9510E-01  3.0490E+00  4.8418E-06
197903   5.5678E-05  2.3280E-01  3.2945E-01  6.4420E-01  2.4519E+00  4.7940E-06
197904   5.4875E-05  2.2918E-01  2.3931E-01  4.4330E-01  1.6557E+00  4.7199E-06
197905   5.4148E-05  2.2566E-01  1.5097E-01  2.4570E-01  8.7090E-01  4.6478E-06
197906   5.3550E-05  2.2303E-01  8.5470E-02  9.9700E-02  2.9310E-01  4.5939E-06
197907   5.3726E-05  2.2244E-01  6.2830E-02  4.6700E-02  8.1900E-02  4.5833E-06
197908   5.4103E-05  2.2354E-01  8.6970E-02  9.9600E-02  2.9100E-01  4.6065E-06
197909   5.4681E-05  2.2615E-01  1.5098E-01  2.4240E-01  8.5850E-01  4.6601E-06
197910   5.5386E-05  2.2965E-01  2.3998E-01  4.4110E-01  1.6477E+00  4.7316E-06
197911   5.6141E-05  2.3323E-01  3.2978E-01  6.4240E-01  2.4448E+00  4.8047E-06
197912   5.6921E-05  2.3606E-01  3.9836E-01  7.9490E-01  3.0448E+00  4.8634E-06
198001   5.6095E-05  2.3608E-01  4.1972E-01  8.4830E-01  3.2610E+00  4.8598E-06
198002   5.5867E-05  2.3509E-01  3.9473E-01  7.9230E-01  3.0408E+00  4.8395E-06
198003   5.5315E-05  2.3247E-01  3.2893E-01  6.4570E-01  2.4579E+00  4.7857E-06
198004   5.4297E-05  2.2865E-01  2.3752E-01  4.4240E-01  1.6551E+00  4.7067E-06
198005   5.3593E-05  2.2515E-01  1.4932E-01  2.4550E-01  8.7220E-01  4.6352E-06
198006   5.2781E-05  2.2233E-01  8.2770E-02  9.7900E-02  2.9010E-01  4.5765E-06
198007   5.2327E-05  2.2116E-01  5.8130E-02  4.4400E-02  7.9700E-02  4.5516E-06
198008   5.2532E-05  2.2211E-01  8.0370E-02  9.3300E-02  2.7710E-01  4.5711E-06
198009   5.3337E-05  2.2492E-01  1.4630E-01  2.3950E-01  8.5450E-01  4.6296E-06
198010   5.4232E-05  2.2860E-01  2.3684E-01  4.4100E-01  1.6511E+00  4.7054E-06
198011   5.5530E-05  2.3266E-01  3.2812E-01  6.4200E-01  2.4458E+00  4.7907E-06
198012   5.6539E-05  2.3571E-01  3.9567E-01  7.9050E-01  3.0324E+00  4.8549E-06
198101   5.7971E-05  2.3780E-01  4.2724E-01  8.5500E-01  3.2751E+00  4.9023E-06
198102   5.7833E-05  2.3689E-01  4.0290E-01  8.0000E-01  3.0570E+00  4.8840E-06
198103   5.7125E-05  2.3412E-01  3.3633E-01  6.5240E-01  2.4718E+00  4.8267E-06
198104   5.5929E-05  2.3014E-01  2.4507E-01  4.5060E-01  1.6742E+00  4.7436E-06
198105   5.4868E-05  2.2631E-01  1.5471E-01  2.5060E-01  8.8330E-01  4.6640E-06
198106   5.4191E-05  2.2362E-01  8.9400E-02  1.0540E-01  3.0810E-01  4.6083E-06
198107   5.3926E-05  2.2262E-01  6.4710E-02  5.0300E-02  9.2100E-02  4.5877E-06
198108   5.4197E-05  2.2362E-01  8.8280E-02  1.0230E-01  2.9900E-01  4.6086E-06
198109   5.4741E-05  2.2620E-01  1.5199E-01  2.4470E-01  8.6520E-01  4.6614E-06
198110   5.5746E-05  2.2998E-01  2.4218E-01  4.4460E-01  1.6568E+00  4.7397E-06
198111   5.6540E-05  2.3359E-01  3.3164E-01  6.4430E-01  2.4491E+00  4.8137E-06
198112   5.7038E-05  2.3617E-01  3.9834E-01  7.9360E-01  3.0403E+00  4.8661E-06
198201   5.4744E-05  2.3485E-01  4.1373E-01  8.4200E-01  3.2464E+00  4.8292E-06
198202   5.4411E-05  2.3376E-01  3.8971E-01  7.8950E-01  3.0378E+00  4.8065E-06
198203   5.3892E-05  2.3116E-01  3.2428E-01  6.4310E-01  2.4559E+00  4.7533E-06
198204   5.2952E-05  2.2742E-01  2.3405E-01  4.4250E-01  1.6603E+00  4.6761E-06
198205   5.1938E-05  2.2364E-01  1.4277E-01  2.3980E-01  8.6050E-01  4.5977E-06
198206   5.1423E-05  2.2109E-01  7.8570E-02  9.6500E-02  2.9120E-01  4.5456E-06
198207   5.1297E-05  2.2021E-01  5.5210E-02  4.3600E-02  8.1300E-02  4.5281E-06
198208   5.1104E-05  2.2080E-01  7.6570E-02  9.3500E-02  2.8270E-01  4.5385E-06
198209   5.1887E-05  2.2359E-01  1.4243E-01  2.3930E-01  8.5940E-01  4.5966E-06
198210   5.2507E-05  2.2702E-01  2.2999E-01  4.3540E-01  1.6399E+00  4.6663E-06
198211   5.3115E-05  2.3046E-01  3.1786E-01  6.3190E-01  2.4237E+00  4.7361E-06
198212   5.3530E-05  2.3296E-01  3.8324E-01  7.7910E-01  3.0088E+00  4.7868E-06
198301   4.7906E-05  2.2860E-01  3.8928E-01  8.2580E-01  3.2221E+00  4.6741E-06
198302   4.7792E-05  2.2771E-01  3.6562E-01  7.7240E-01  3.0091E+00  4.6564E-06
198303   4.7225E-05  2.2507E-01  2.9929E-01  6.2440E-01  2.4222E+00  4.6022E-06
198304   4.6552E-05  2.2157E-01  2.0980E-01  4.2390E-01  1.6268E+00  4.5311E-06
198305   4.6032E-05  2.1824E-01  1.2048E-01  2.2290E-01  8.3000E-01  4.4638E-06
198306   4.5430E-05  2.1561E-01  5.5620E-02  7.7800E-02  2.5600E-01  4.4099E-06
198307   4.5285E-05  2.1472E-01  3.2170E-02  2.5400E-02  4.7200E-02  4.3919E-06
198308   4.5528E-05  2.1570E-01  5.6250E-02  7.9200E-02  2.5940E-01  4.4121E-06
198309   4.5949E-05  2.1817E-01  1.2080E-01  2.2390E-01  8.3370E-01  4.4619E-06
198310   4.6607E-05  2.2162E-01  2.0998E-01  4.2380E-01  1.6263E+00  4.5323E-06
198311   4.7192E-05  2.2504E-01  2.9906E-01  6.2390E-01  2.4206E+00  4.6016E-06
198312   4.7434E-05  2.2739E-01  3.6467E-01  7.7240E-01  3.0104E+00  4.6482E-06
198401   4.4086E-05  2.2511E-01  3.7300E-01  8.0980E-01  3.1867E+00  4.5878E-06
198402   4.4013E-05  2.2426E-01  3.5048E-01  7.5930E-01  2.9821E+00  4.5708E-06
198403   4.3628E-05  2.2178E-01  2.8603E-01  6.1470E-01  2.4058E+00  4.5207E-06
198404   4.2892E-05  2.1823E-01  1.9692E-01  4.1560E-01  1.6144E+00  4.4480E-06
198405   4.2150E-05  2.1469E-01  1.0799E-01  2.1670E-01  8.2570E-01  4.3757E-06
198406   4.1613E-05  2.1212E-01  4.3150E-02  7.1900E-02  2.5150E-01  4.3232E-06
198407   4.1421E-05  2.1119E-01  1.9400E-02  1.8500E-02  4.0200E-02  4.3041E-06
198408   4.1534E-05  2.1205E-01  4.2010E-02  6.9600E-02  2.4450E-01  4.3215E-06
198409   4.2026E-05  2.1458E-01  1.0602E-01  2.1250E-01  8.1320E-01  4.3730E-06
198410   4.2664E-05  2.1802E-01  1.9441E-01  4.1090E-01  1.6007E+00  4.4430E-06
198411   4.3191E-05  2.2139E-01  2.8319E-01  6.1040E-01  2.3942E+00  4.5109E-06
198412   4.3536E-05  2.2383E-01  3.4858E-01  7.5790E-01  2.9794E+00  4.5600E-06
198501   3.9592E-05  2.2100E-01  3.5838E-01  8.0290E-01  3.1821E+00  4.4857E-06
198502   3.9297E-05  2.1995E-01  3.3365E-01  7.4800E-01  2.9653E+00  4.4638E-06
198503   3.8889E-05  2.1745E-01  2.6794E-01  6.0040E-01  2.3791E+00  4.4133E-06
198504   3.8322E-05  2.1405E-01  1.7880E-01  4.0010E-01  1.5837E+00  4.3445E-06
198505   3.7701E-05  2.1063E-01  9.0000E-02  2.0100E-01  7.9340E-01  4.2749E-06
198506   3.7371E-05  2.0825E-01  2.6040E-02  5.6700E-02  2.1990E-01  4.2271E-06
198507   3.7187E-05  2.0732E-01  2.1100E-03  2.8000E-03  7.9000E-03  4.2083E-06
198508   3.7406E-05  2.0828E-01  2.5680E-02  5.5700E-02  2.1730E-01  4.2279E-06
198509   3.7846E-05  2.1076E-01  9.0230E-02  2.0030E-01  7.9080E-01  4.2783E-06
198510   3.8540E-05  2.1425E-01  1.7890E-01  3.9910E-01  1.5797E+00  4.3495E-06
198511   3.9270E-05  2.1780E-01  2.6885E-01  6.0020E-01  2.3766E+00  4.4220E-06
198512   3.9799E-05  2.2041E-01  3.3520E-01  7.4880E-01  2.9653E+00  4.4753E-06
198601   3.9569E-05  2.2098E-01  3.5793E-01  8.0190E-01  3.1793E+00  4.4852E-06
198602   3.9567E-05  2.2020E-01  3.3432E-01  7.4780E-01  2.9637E+00  4.4700E-06
198603   3.9150E-05  2.1769E-01  2.6835E-01  5.9990E-01  2.3764E+00  4.4193E-06
198604   3.8459E-05  2.1418E-01  1.7874E-01  3.9890E-01  1.5794E+00  4.3477E-06
198605   3.8029E-05  2.1093E-01  9.0780E-02  2.0080E-01  7.9200E-01  4.2824E-06
198606   3.7475E-05  2.0834E-01  2.6130E-02  5.6100E-02  2.1840E-01  4.2295E-06
198607   3.7299E-05  2.0742E-01  2.6800E-03  3.8000E-03  1.0000E-02  4.2108E-06
198608   3.7383E-05  2.0826E-01  2.6070E-02  5.6800E-02  2.2020E-01  4.2274E-06
198609   3.7849E-05  2.1076E-01  9.0480E-02  2.0130E-01  7.9380E-01  4.2783E-06
198610   3.8406E-05  2.1413E-01  1.7903E-01  4.0010E-01  1.5833E+00  4.3464E-06
198611   3.8895E-05  2.1746E-01  2.6787E-01  6.0000E-01  2.3776E+00  4.4135E-06
198612   3.9328E-05  2.1998E-01  3.3370E-01  7.4800E-01  2.9651E+00  4.4645E-06
198701   4.0725E-05  2.2203E-01  3.6292E-01  8.0680E-01  3.1903E+00  4.5113E-06
198702   4.0491E-05  2.2104E-01  3.3850E-01  7.5220E-01  2.9739E+00  4.4908E-06
198703   4.0073E-05  2.1853E-01  2.7279E-01  6.0490E-01  2.3883E+00  4.4401E-06
198704   3.9477E-05  2.1511E-01  1.8341E-01  4.0430E-01  1.5925E+00  4.3706E-06
198705   3.8841E-05  2.1167E-01  9.4700E-02  2.0540E-01  8.0260E-01  4.3007E-06
198706   3.8410E-05  2.0920E-01  3.0200E-02  6.0500E-02  2.2810E-01  4.2506E-06
198707   3.8291E-05  2.0833E-01  6.5500E-03  7.1000E-03  1.6700E-02  4.2332E-06
198708   3.8547E-05  2.0932E-01  3.0310E-02  5.9700E-02  2.2530E-01  4.2538E-06
198709   3.9095E-05  2.1190E-01  9.5240E-02  2.0510E-01  8.0090E-01  4.3065E-06
198710   3.9779E-05  2.1538E-01  1.8439E-01  4.0450E-01  1.5920E+00  4.3775E-06
198711   4.0530E-05  2.1895E-01  2.7441E-01  6.0580E-01  2.3896E+00  4.4505E-06
198712   4.1007E-05  2.2151E-01  3.4023E-01  7.5340E-01  2.9754E+00  4.5026E-06
198801   4.8360E-05  2.2902E-01  3.8786E-01  8.1930E-01  3.2003E+00  4.6847E-06
198802   4.8218E-05  2.2811E-01  3.6415E-01  7.6590E-01  2.9876E+00  4.6664E-06
198803   4.7656E-05  2.2547E-01  2.9840E-01  6.1900E-01  2.4043E+00  4.6123E-06
198804   4.6788E-05  2.2179E-01  2.0885E-01  4.1970E-01  1.6130E+00  4.5366E-06
198805   4.6028E-05  2.1824E-01  1.2044E-01  2.2250E-01  8.2960E-01  4.4638E-06
198806   4.5371E-05  2.1556E-01  5.6210E-02  7.9900E-02  2.6230E-01  4.4085E-06
198807   4.5086E-05  2.1454E-01  3.2470E-02  2.7400E-02  5.4100E-02  4.3873E-06
198808   4.5159E-05  2.1536E-01  5.5590E-02  7.9900E-02  2.6290E-01  4.4036E-06
198809   4.5763E-05  2.1799E-01  1.2055E-01  2.2470E-01  8.3710E-01  4.4576E-06
198810   4.6482E-05  2.2151E-01  2.0906E-01  4.2240E-01  1.6220E+00  4.5296E-06
198811   4.7230E-05  2.2508E-01  2.9958E-01  6.2490E-01  2.4240E+00  4.6024E-06
198812   4.7891E-05  2.2780E-01  3.6647E-01  7.7400E-01  3.0136E+00  4.6586E-06
198901   5.4423E-05  2.3455E-01  4.1456E-01  8.4630E-01  3.2610E+00  4.8218E-06
198902   5.4547E-05  2.3389E-01  3.9144E-01  7.9270E-01  3.0471E+00  4.8094E-06
198903   5.4587E-05  2.3180E-01  3.2658E-01  6.4450E-01  2.4571E+00  4.7691E-06
198904   5.4444E-05  2.2879E-01  2.3937E-01  4.4620E-01  1.6661E+00  4.7099E-06
198905   5.4257E-05  2.2576E-01  1.5172E-01  2.4700E-01  8.7450E-01  4.6502E-06
198906   5.4409E-05  2.2382E-01  9.0000E-02  1.0530E-01  3.0690E-01  4.6133E-06
198907   5.5144E-05  2.2373E-01  7.0030E-02  5.5300E-02  1.0330E-01  4.6153E-06
198908   5.6143E-05  2.2540E-01  9.7250E-02  1.1230E-01  3.2260E-01  4.6525E-06
198909   5.7309E-05  2.2855E-01  1.6267E-01  2.5440E-01  8.8620E-01  4.7195E-06
198910   5.8536E-05  2.3252E-01  2.5476E-01  4.5810E-01  1.6876E+00  4.8027E-06
198911   5.9592E-05  2.3637E-01  3.4520E-01  6.5820E-01  2.4809E+00  4.8826E-06
198912   6.0177E-05  2.3903E-01  4.1094E-01  8.0480E-01  3.0631E+00  4.9372E-06
199001   5.3283E-05  2.3351E-01  4.0995E-01  8.4260E-01  3.2536E+00  4.7960E-06
199002   5.2705E-05  2.3220E-01  3.8375E-01  7.8590E-01  3.0324E+00  4.7677E-06
199003   5.1810E-05  2.2926E-01  3.1647E-01  6.3740E-01  2.4452E+00  4.7062E-06
199004   5.0691E-05  2.2536E-01  2.2519E-01  4.3540E-01  1.6467E+00  4.6249E-06
199005   4.9923E-05  2.2179E-01  1.3627E-01  2.3660E-01  8.5880E-01  4.5519E-06
199006   4.9537E-05  2.1936E-01  7.1970E-02  9.2100E-02  2.8420E-01  4.5028E-06
199007   4.9700E-05  2.1876E-01  5.0120E-02  4.1200E-02  7.9800E-02  4.4918E-06
199008   5.0183E-05  2.1995E-01  7.5140E-02  9.5800E-02  2.9320E-01  4.5175E-06
199009   5.1102E-05  2.2287E-01  1.4204E-01  2.4340E-01  8.7510E-01  4.5786E-06
199010   5.2146E-05  2.2668E-01  2.3181E-01  4.4220E-01  1.6626E+00  4.6577E-06
199011   5.3549E-05  2.3084E-01  3.2518E-01  6.4760E-01  2.4707E+00  4.7454E-06
199012   5.4502E-05  2.3384E-01  3.9247E-01  7.9580E-01  3.0563E+00  4.8083E-06
199101   5.6331E-05  2.3630E-01  4.1834E-01  8.4300E-01  3.2442E+00  4.8654E-06
199102   5.5901E-05  2.3513E-01  3.9415E-01  7.9070E-01  3.0357E+00  4.8403E-06
199103   5.5135E-05  2.3230E-01  3.2857E-01  6.4590E-01  2.4590E+00  4.7816E-06
199104   5.4139E-05  2.2851E-01  2.3853E-01  4.4640E-01  1.6678E+00  4.7030E-06
199105   5.3342E-05  2.2492E-01  1.4877E-01  2.4570E-01  8.7350E-01  4.6295E-06
199106   5.2580E-05  2.2214E-01  8.3340E-02  1.0060E-01  2.9920E-01  4.5718E-06
199107   5.2454E-05  2.2127E-01  6.0230E-02  4.8700E-02  9.2900E-02  4.5542E-06
199108   5.2778E-05  2.2233E-01  8.3560E-02  9.9900E-02  2.9660E-01  4.5764E-06
199109   5.3354E-05  2.2493E-01  1.4712E-01  2.4170E-01  8.6100E-01  4.6299E-06
199110   5.4407E-05  2.2876E-01  2.3750E-01  4.4180E-01  1.6527E+00  4.7093E-06
199111   5.5133E-05  2.3230E-01  3.2751E-01  6.4330E-01  2.4511E+00  4.7817E-06
199112   5.5857E-05  2.3509E-01  3.9347E-01  7.8920E-01  3.0313E+00  4.8394E-06
199201   4.9721E-05  2.3026E-01  3.9604E-01  8.3080E-01  3.2303E+00  4.7153E-06
199202   4.9542E-05  2.2931E-01  3.7228E-01  7.7790E-01  3.0198E+00  4.6960E-06
199203   4.8847E-05  2.2655E-01  3.0560E-01  6.2940E-01  2.4316E+00  4.6390E-06
199204   4.7979E-05  2.2288E-01  2.1457E-01  4.2640E-01  1.6296E+00  4.5634E-06
199205   4.7162E-05  2.1927E-01  1.2528E-01  2.2740E-01  8.4010E-01  4.4894E-06
199206   4.6766E-05  2.1683E-01  6.0800E-02  8.2300E-02  2.6440E-01  4.4401E-06
199207   4.6867E-05  2.1617E-01  3.8180E-02  3.0200E-02  5.6000E-02  4.4277E-06
199208   4.7436E-05  2.1745E-01  6.3560E-02  8.4900E-02  2.6990E-01  4.4553E-06
199209   4.8151E-05  2.2018E-01  1.2932E-01  2.3070E-01  8.4700E-01  4.5118E-06
199210   4.8903E-05  2.2372E-01  2.1810E-01  4.2910E-01  1.6340E+00  4.5844E-06
199211   4.9909E-05  2.2752E-01  3.0945E-01  6.3210E-01  2.4363E+00  4.6631E-06
199212   5.0406E-05  2.3010E-01  3.7544E-01  7.8010E-01  3.0230E+00  4.7156E-06
199301   4.5501E-05  2.2640E-01  3.8080E-01  8.2070E-01  3.2150E+00  4.6196E-06
199302   4.5418E-05  2.2554E-01  3.5681E-01  7.6610E-01  2.9980E+00  4.6025E-06
199303   4.4844E-05  2.2289E-01  2.8985E-01  6.1650E-01  2.4063E+00  4.5484E-06
199304   4.4432E-05  2.1964E-01  2.0102E-01  4.1580E-01  1.6095E+00  4.4831E-06
199305   4.3589E-05  2.1601E-01  1.1105E-01  2.1460E-01  8.1450E-01  4.4085E-06
199306   4.3133E-05  2.1352E-01  4.6300E-02  6.9900E-02  2.3970E-01  4.3579E-06
199307   4.2823E-05  2.1247E-01  2.2190E-02  1.6400E-02  2.8600E-02  4.3361E-06
199308   4.2811E-05  2.1322E-01  4.5090E-02  6.8900E-02  2.3730E-01  4.3506E-06
199309   4.2998E-05  2.1547E-01  1.0854E-01  2.1220E-01  8.0920E-01  4.3952E-06
199310   4.3615E-05  2.1889E-01  1.9751E-01  4.1220E-01  1.6010E+00  4.4646E-06
199311   4.4145E-05  2.2226E-01  2.8718E-01  6.1400E-01  2.4015E+00  4.5325E-06
199312   4.4462E-05  2.2467E-01  3.5321E-01  7.6320E-01  2.9928E+00  4.5809E-06
199401   4.2044E-05  2.2324E-01  3.6757E-01  8.0970E-01  3.1940E+00  4.5412E-06
199402   4.1704E-05  2.2215E-01  3.4204E-01  7.5330E-01  2.9723E+00  4.5185E-06
199403   4.1170E-05  2.1954E-01  2.7578E-01  6.0520E-01  2.3857E+00  4.4651E-06
199404   4.0522E-05  2.1607E-01  1.8628E-01  4.0450E-01  1.5893E+00  4.3944E-06
199405   3.9746E-05  2.1250E-01  9.7200E-02  2.0560E-01  8.0060E-01  4.3214E-06
199406   3.9229E-05  2.0995E-01  3.2420E-02  6.0500E-02  2.2480E-01  4.2693E-06
199407   3.9059E-05  2.0903E-01  9.0900E-03  8.4000E-03  1.7800E-02  4.2507E-06
199408   3.9170E-05  2.0989E-01  3.2690E-02  6.1600E-02  2.2860E-01  4.2679E-06
199409   3.9631E-05  2.1239E-01  9.7220E-02  2.0650E-01  8.0310E-01  4.3187E-06
199410   4.0126E-05  2.1570E-01  1.8481E-01  4.0310E-01  1.5868E+00  4.3855E-06
199411   4.0752E-05  2.1915E-01  2.7467E-01  6.0530E-01  2.3874E+00  4.4556E-06
199412   4.1302E-05  2.2178E-01  3.4091E-01  7.5300E-01  2.9732E+00  4.5093E-06
199501   4.0075E-05  2.2144E-01  3.6006E-01  8.0400E-01  3.1837E+00  4.4966E-06
199502   3.9821E-05  2.2043E-01  3.3551E-01  7.4930E-01  2.9673E+00  4.4757E-06
199503   3.9475E-05  2.1799E-01  2.7012E-01  6.0200E-01  2.3817E+00  4.4266E-06
199504   3.8821E-05  2.1451E-01  1.8065E-01  4.0140E-01  1.5863E+00  4.3559E-06
199505   3.8270E-05  2.1115E-01  9.2190E-02  2.0270E-01  7.9670E-01  4.2879E-06
199506   3.7867E-05  2.0870E-01  2.8150E-02  5.8700E-02  2.2430E-01  4.2384E-06
199507   3.7804E-05  2.0788E-01  4.9200E-03  6.3000E-03  1.5800E-02  4.2222E-06
199508   3.8009E-05  2.0883E-01  2.8640E-02  5.9300E-02  2.2550E-01  4.2416E-06
199509   3.8318E-05  2.1119E-01  9.2400E-02  2.0300E-01  7.9740E-01  4.2890E-06
199510   3.8994E-05  2.1467E-01  1.8140E-01  4.0220E-01  1.5876E+00  4.3597E-06
199511   3.9608E-05  2.1811E-01  2.7052E-01  6.0220E-01  2.3817E+00  4.4296E-06
199512   4.0130E-05  2.2071E-01  3.3683E-01  7.5030E-01  2.9697E+00  4.4827E-06
199601   3.9412E-05  2.2084E-01  3.5761E-01  8.0200E-01  3.1801E+00  4.4816E-06
199602   3.9233E-05  2.1989E-01  3.3334E-01  7.4800E-01  2.9652E+00  4.4623E-06
199603   3.8700E-05  2.1728E-01  2.6715E-01  5.9970E-01  2.3774E+00  4.4090E-06
199604   3.7938E-05  2.1370E-01  1.7712E-01  3.9860E-01  1.5804E+00  4.3358E-06
199605   3.7316E-05  2.1028E-01  8.8170E-02  1.9900E-01  7.8880E-01  4.2663E-06
199606   3.6757E-05  2.0769E-01  2.3450E-02  5.4700E-02  2.1610E-01  4.2132E-06
199607   3.6654E-05  2.0684E-01  4.3000E-04  2.3000E-03  8.0000E-03  4.1962E-06
199608   3.6823E-05  2.0775E-01  2.3880E-02  5.4900E-02  2.1650E-01  4.2148E-06
199609   3.7308E-05  2.1027E-01  8.8300E-02  1.9930E-01  7.9020E-01  4.2661E-06
199610   3.7781E-05  2.1356E-01  1.7650E-01  3.9790E-01  1.5789E+00  4.3322E-06
199611   3.8452E-05  2.1705E-01  2.6602E-01  5.9870E-01  2.3749E+00  4.4034E-06
199612   3.8914E-05  2.1960E-01  3.3198E-01  7.4660E-01  2.9622E+00  4.4552E-06
199701   4.0978E-05  2.2227E-01  3.6375E-01  8.0720E-01  3.1905E+00  4.5170E-06
199702   4.0864E-05  2.2138E-01  3.3951E-01  7.5260E-01  2.9736E+00  4.4993E-06
199703   4.0427E-05  2.1886E-01  2.7371E-01  6.0480E-01  2.3867E+00  4.4482E-06
199704   3.9704E-05  2.1532E-01  1.8280E-01  4.0120E-01  1.5819E+00  4.3759E-06
199705   3.9151E-05  2.1195E-01  9.5700E-02  2.0560E-01  8.0240E-01  4.3078E-06
199706   3.8549E-05  2.0932E-01  3.0760E-02  6.0700E-02  2.2860E-01  4.2538E-06
199707   3.8329E-05  2.0836E-01  7.0500E-03  8.0000E-03  1.9400E-02  4.2341E-06
199708   3.8492E-05  2.0927E-01  3.0450E-02  6.0700E-02  2.2810E-01  4.2525E-06
199709   3.8823E-05  2.1165E-01  9.4320E-02  2.0420E-01  7.9940E-01  4.3004E-06
199710   3.9420E-05  2.1506E-01  1.8255E-01  4.0230E-01  1.5869E+00  4.3695E-06
199711   4.0096E-05  2.1856E-01  2.7231E-01  6.0340E-01  2.3835E+00  4.4407E-06
199712   4.0462E-05  2.2101E-01  3.3790E-01  7.5120E-01  2.9705E+00  4.4902E-06
199801   4.6032E-05  2.2688E-01  3.8292E-01  8.2230E-01  3.2183E+00  4.6316E-06
199802   4.5674E-05  2.2578E-01  3.5784E-01  7.6710E-01  3.0006E+00  4.6083E-06
199803   4.5175E-05  2.2320E-01  2.9169E-01  6.1890E-01  2.4126E+00  4.5558E-06
199804   4.4497E-05  2.1970E-01  2.0172E-01  4.1720E-01  1.6134E+00  4.4845E-06
199805   4.3881E-05  2.1627E-01  1.1287E-01  2.1770E-01  8.2240E-01  4.4151E-06
199806   4.3445E-05  2.1380E-01  4.8840E-02  7.4200E-02  2.5150E-01  4.3648E-06
199807   4.3297E-05  2.1290E-01  2.5430E-02  2.1800E-02  4.3400E-02  4.3467E-06
199808   4.3443E-05  2.1380E-01  4.8740E-02  7.4000E-02  2.5090E-01  4.3648E-06
199809   4.4118E-05  2.1649E-01  1.1448E-01  2.2030E-01  8.2910E-01  4.4204E-06
199810   4.4689E-05  2.1987E-01  2.0292E-01  4.1880E-01  1.6180E+00  4.4888E-06
199811   4.5348E-05  2.2335E-01  2.9259E-01  6.1980E-01  2.4151E+00  4.5596E-06
199812   4.6055E-05  2.2612E-01  3.5946E-01  7.6820E-01  3.0026E+00  4.6170E-06
199901   4.9766E-05  2.3030E-01  3.9778E-01  8.3490E-01  3.2432E+00  4.7162E-06
199902   4.9436E-05  2.2921E-01  3.7257E-01  7.7900E-01  3.0235E+00  4.6935E-06
199903   4.8771E-05  2.2648E-01  3.0629E-01  6.3180E-01  2.4391E+00  4.6372E-06
199904   4.7739E-05  2.2265E-01  2.1542E-01  4.3020E-01  1.6416E+00  4.5579E-06
199905   4.6929E-05  2.1906E-01  1.2556E-01  2.2990E-01  8.4830E-01  4.4840E-06
199906   4.6383E-05  2.1648E-01  6.1400E-02  8.6500E-02  2.7850E-01  4.4312E-06
199907   4.6213E-05  2.1557E-01  3.7630E-02  3.3200E-02  6.7900E-02  4.4127E-06
199908   4.6744E-05  2.1681E-01  6.2800E-02  8.7500E-02  2.8060E-01  4.4394E-06
199909   4.7613E-05  2.1968E-01  1.2853E-01  2.3230E-01  8.5370E-01  4.4995E-06
199910   4.8553E-05  2.2340E-01  2.1779E-01  4.3080E-01  1.6400E+00  4.5764E-06
199911   4.9642E-05  2.2728E-01  3.0859E-01  6.3170E-01  2.4361E+00  4.6570E-06
199912   5.0317E-05  2.3002E-01  3.7548E-01  7.8060E-01  3.0249E+00  4.7135E-06
200001   5.4371E-05  2.3451E-01  4.1405E-01  8.4540E-01  3.2584E+00  4.8206E-06
200002   5.4096E-05  2.3347E-01  3.9032E-01  7.9290E-01  3.0495E+00  4.7992E-06
200003   5.3441E-05  2.3075E-01  3.2425E-01  6.4660E-01  2.4673E+00  4.7430E-06
200004   5.2654E-05  2.2714E-01  2.3489E-01  4.4660E-01  1.6743E+00  4.6691E-06
200005   5.1730E-05  2.2344E-01  1.4525E-01  2.4760E-01  8.8540E-01  4.5927E-06
200006   5.0999E-05  2.2069E-01  7.9710E-02  1.0210E-01  3.0960E-01  4.5358E-06
200007   5.0596E-05  2.1957E-01  5.5380E-02  4.8700E-02  9.9600E-02  4.5119E-06
200008   5.0746E-05  2.2047E-01  7.7650E-02  9.8500E-02  2.9980E-01  4.5301E-06
200009   5.1668E-05  2.2338E-01  1.4519E-01  2.4770E-01  8.8630E-01  4.5912E-06
200010   5.2316E-05  2.2683E-01  2.3305E-01  4.4410E-01  1.6680E+00  4.6616E-06
200011   5.3354E-05  2.3066E-01  3.2454E-01  6.4730E-01  2.4700E+00  4.7410E-06
200012   5.4371E-05  2.3372E-01  3.9190E-01  7.9530E-01  3.0550E+00  4.8053E-06
200101   5.3589E-05  2.3379E-01  4.1033E-01  8.4130E-01  3.2482E+00  4.8030E-06
200102   5.3251E-05  2.3270E-01  3.8618E-01  7.8820E-01  3.0372E+00  4.7801E-06
200103   5.2882E-05  2.3024E-01  3.2112E-01  6.4210E-01  2.4561E+00  4.7304E-06
200104   5.2007E-05  2.2656E-01  2.3093E-01  4.4100E-01  1.6592E+00  4.6546E-06
200105   5.1282E-05  2.2304E-01  1.4175E-01  2.4160E-01  8.6870E-01  4.5827E-06
200106   5.0667E-05  2.2040E-01  7.6190E-02  9.5400E-02  2.9060E-01  4.5285E-06
200107   5.0448E-05  2.1944E-01  5.2690E-02  4.3200E-02  8.2900E-02  4.5087E-06
200108   5.0652E-05  2.2038E-01  7.6510E-02  9.6400E-02  2.9350E-01  4.5281E-06
200109   5.1389E-05  2.2314E-01  1.4127E-01  2.3990E-01  8.6310E-01  4.5852E-06
200110   5.1840E-05  2.2641E-01  2.2958E-01  4.3890E-01  1.6529E+00  4.6509E-06
200111   5.2687E-05  2.3006E-01  3.1983E-01  6.3990E-01  2.4501E+00  4.7260E-06
200112   5.3264E-05  2.3271E-01  3.8618E-01  7.8790E-01  3.0371E+00  4.7804E-06
200201   5.5140E-05  2.3521E-01  4.1712E-01  8.4840E-01  3.2651E+00  4.8381E-06
200202   5.4819E-05  2.3413E-01  3.9198E-01  7.9230E-01  3.0446E+00  4.8156E-06
200203   5.4259E-05  2.3150E-01  3.2587E-01  6.4520E-01  2.4602E+00  4.7617E-06
200204   5.3563E-05  2.2798E-01  2.3648E-01  4.4490E-01  1.6654E+00  4.6899E-06
200205   5.2802E-05  2.2443E-01  1.4693E-01  2.4470E-01  8.7290E-01  4.6172E-06
200206   5.2123E-05  2.2173E-01  8.2670E-02  1.0190E-01  3.0530E-01  4.5614E-06
200207   5.1756E-05  2.2063E-01  5.9030E-02  5.0400E-02  1.0050E-01  4.5383E-06
200208   5.1956E-05  2.2157E-01  8.2900E-02  1.0410E-01  3.1240E-01  4.5575E-06
200209   5.2797E-05  2.2442E-01  1.4818E-01  2.4800E-01  8.8300E-01  4.6170E-06
200210   5.3743E-05  2.2814E-01  2.3737E-01  4.4580E-01  1.6677E+00  4.6940E-06
200211   5.4522E-05  2.3174E-01  3.2741E-01  6.4680E-01  2.4646E+00  4.7676E-06
200212   5.5097E-05  2.3439E-01  3.9336E-01  7.9430E-01  3.0497E+00  4.8219E-06
200301   4.9448E-05  2.3001E-01  3.9505E-01  8.3000E-01  3.2294E+00  4.7091E-06
200302   4.8924E-05  2.2875E-01  3.6996E-01  7.7580E-01  3.0154E+00  4.6820E-06
200303   4.8140E-05  2.2590E-01  3.0318E-01  6.2830E-01  2.4308E+00  4.6229E-06
200304   4.7089E-05  2.2207E-01  2.1161E-01  4.2480E-01  1.6272E+00  4.5433E-06
200305   4.6298E-05  2.1848E-01  1.2250E-01  2.2600E-01  8.3870E-01  4.4698E-06
200306   4.5566E-05  2.1573E-01  5.7140E-02  8.0900E-02  2.6470E-01  4.4128E-06
200307   4.5147E-05  2.1459E-01  3.2830E-02  2.8000E-02  5.5600E-02  4.3886E-06
200308   4.5082E-05  2.1529E-01  5.5090E-02  7.9300E-02  2.6100E-01  4.4019E-06
200309   4.5635E-05  2.1788E-01  1.2024E-01  2.2460E-01  8.3720E-01  4.4548E-06
200310   4.6387E-05  2.2142E-01  2.0979E-01  4.2500E-01  1.6303E+00  4.5273E-06
200311   4.7047E-05  2.2490E-01  2.9926E-01  6.2510E-01  2.4255E+00  4.5981E-06
200312   4.7570E-05  2.2751E-01  3.6577E-01  7.7470E-01  3.0162E+00  4.6512E-06
200401   4.4308E-05  2.2531E-01  3.7676E-01  8.1800E-01  3.2109E+00  4.5925E-06
200402   4.4223E-05  2.2445E-01  3.5254E-01  7.6310E-01  2.9935E+00  4.5754E-06
200403   4.3757E-05  2.2190E-01  2.8643E-01  6.1480E-01  2.4056E+00  4.5237E-06
200404   4.3162E-05  2.1847E-01  1.9728E-01  4.1460E-01  1.6105E+00  4.4542E-06
200405   4.2272E-05  2.1480E-01  1.0704E-01  2.1370E-01  8.1580E-01  4.3785E-06
200406   4.1911E-05  2.1240E-01  4.3080E-02  6.9800E-02  2.4360E-01  4.3301E-06
200407   4.1701E-05  2.1144E-01  1.9570E-02  1.7400E-02  3.5700E-02  4.3106E-06
200408   4.1934E-05  2.1242E-01  4.3390E-02  7.0300E-02  2.4520E-01  4.3306E-06
200409   4.2626E-05  2.1513E-01  1.0877E-01  2.1580E-01  8.2130E-01  4.3865E-06
200410   4.3213E-05  2.1852E-01  1.9750E-01  4.1490E-01  1.6112E+00  4.4554E-06
200411   4.4088E-05  2.2220E-01  2.8781E-01  6.1610E-01  2.4083E+00  4.5312E-06
200412   4.4771E-05  2.2495E-01  3.5466E-01  7.6460E-01  2.9963E+00  4.5879E-06
200501   4.2821E-05  2.2395E-01  3.7041E-01  8.1180E-01  3.1977E+00  4.5589E-06
200502   4.2709E-05  2.2307E-01  3.4589E-01  7.5650E-01  2.9787E+00  4.5412E-06
200503   4.2268E-05  2.2054E-01  2.8009E-01  6.0880E-01  2.3921E+00  4.4900E-06
200504   4.1690E-05  2.1713E-01  1.9115E-01  4.0920E-01  1.5993E+00  4.4209E-06
200505   4.1177E-05  2.1380E-01  1.0306E-01  2.1110E-01  8.1190E-01  4.3537E-06
200506   4.0628E-05  2.1122E-01  3.8430E-02  6.6600E-02  2.3860E-01  4.3009E-06
200507   4.0540E-05  2.1038E-01  1.5370E-02  1.4300E-02  3.0300E-02  4.2842E-06
200508   4.0879E-05  2.1145E-01  3.9420E-02  6.7200E-02  2.4000E-01  4.3066E-06
200509   4.1285E-05  2.1390E-01  1.0340E-01  2.1100E-01  8.1100E-01  4.3562E-06
200510   4.1987E-05  2.1740E-01  1.9206E-01  4.0960E-01  1.5995E+00  4.4276E-06
200511   4.2527E-05  2.2078E-01  2.8089E-01  6.0890E-01  2.3917E+00  4.4959E-06
200512   4.3100E-05  2.2343E-01  3.4709E-01  7.5670E-01  2.9781E+00  4.5501E-06
200601   4.1835E-05  2.2305E-01  3.6708E-01  8.0970E-01  3.1952E+00  4.5364E-06
200602   4.1540E-05  2.2200E-01  3.4209E-01  7.5460E-01  2.9773E+00  4.5147E-06
200603   4.0842E-05  2.1924E-01  2.7527E-01  6.0580E-01  2.3888E+00  4.4576E-06
200604   4.0237E-05  2.1580E-01  1.8585E-01  4.0520E-01  1.5923E+00  4.3880E-06
200605   3.9765E-05  2.1251E-01  9.7800E-02  2.0700E-01  8.0440E-01  4.3217E-06
200606   3.9317E-05  2.1003E-01  3.3510E-02  6.3000E-02  2.3270E-01  4.2712E-06
200607   3.9018E-05  2.0899E-01  9.7400E-03  1.0200E-02  2.3900E-02  4.2497E-06
200608   3.9074E-05  2.0980E-01  3.2640E-02  6.2200E-02  2.3080E-01  4.2657E-06
200609   3.9674E-05  2.1243E-01  9.7720E-02  2.0740E-01  8.0590E-01  4.3196E-06
200610   4.0341E-05  2.1590E-01  1.8644E-01  4.0630E-01  1.5952E+00  4.3903E-06
200611   4.0772E-05  2.1917E-01  2.7495E-01  6.0580E-01  2.3885E+00  4.4560E-06
200612   4.1062E-05  2.2157E-01  3.3982E-01  7.5210E-01  2.9710E+00  4.5039E-06
200701   4.0470E-05  2.2180E-01  3.6146E-01  8.0490E-01  3.1848E+00  4.5055E-06
200702   4.0322E-05  2.2089E-01  3.3720E-01  7.5030E-01  2.9685E+00  4.4871E-06
200703   3.9873E-05  2.1835E-01  2.7127E-01  6.0250E-01  2.3819E+00  4.4357E-06
200704   3.9244E-05  2.1490E-01  1.8207E-01  4.0230E-01  1.5872E+00  4.3654E-06
200705   3.8629E-05  2.1147E-01  9.3430E-02  2.0340E-01  7.9760E-01  4.2960E-06
200706   3.8190E-05  2.0900E-01  2.9120E-02  5.9200E-02  2.2490E-01  4.2457E-06
200707   3.7978E-05  2.0804E-01  5.5900E-03  6.6000E-03  1.6400E-02  4.2262E-06
200708   3.8134E-05  2.0894E-01  2.9030E-02  5.9300E-02  2.2520E-01  4.2444E-06
200709   3.8448E-05  2.1131E-01  9.2910E-02  2.0300E-01  7.9720E-01  4.2919E-06
200710   3.8996E-05  2.1467E-01  1.8123E-01  4.0170E-01  1.5863E+00  4.3598E-06
200711   3.9565E-05  2.1807E-01  2.7050E-01  6.0240E-01  2.3827E+00  4.4286E-06
200712   3.9943E-05  2.2054E-01  3.3620E-01  7.4990E-01  2.9691E+00  4.4785E-06
200801   3.9315E-05  2.2075E-01  3.5752E-01  8.0230E-01  3.1812E+00  4.4794E-06
200802   3.9235E-05  2.1989E-01  3.3361E-01  7.4840E-01  2.9665E+00  4.4624E-06
200803   3.8887E-05  2.1745E-01  2.6822E-01  6.0100E-01  2.3810E+00  4.4132E-06
200804   3.8304E-05  2.1404E-01  1.7897E-01  4.0070E-01  1.5858E+00  4.3441E-06
200805   3.7829E-05  2.1074E-01  9.0810E-02  2.0250E-01  7.9770E-01  4.2778E-06
200806   3.7388E-05  2.0826E-01  2.6540E-02  5.7900E-02  2.2390E-01  4.2274E-06
200807   3.6873E-05  2.0703E-01  1.5400E-03  3.9000E-03  1.1600E-02  4.2011E-06
200808   3.7089E-05  2.0799E-01  2.5230E-02  5.6800E-02  2.2140E-01  4.2207E-06
200809   3.7680E-05  2.1060E-01  9.0410E-02  2.0200E-01  7.9650E-01  4.2744E-06
200810   3.8245E-05  2.1398E-01  1.7875E-01  4.0060E-01  1.5852E+00  4.3427E-06
200811   3.8802E-05  2.1737E-01  2.6784E-01  6.0070E-01  2.3803E+00  4.4113E-06
200812   3.9228E-05  2.1989E-01  3.3361E-01  7.4840E-01  2.9665E+00  4.4622E-06
200901   3.9652E-05  2.2105E-01  3.5892E-01  8.0390E-01  3.1849E+00  4.4869E-06
200902   3.9540E-05  2.2017E-01  3.3496E-01  7.4980E-01  2.9700E+00  4.4693E-06
200903   3.8978E-05  2.1753E-01  2.6850E-01  6.0150E-01  2.3820E+00  4.4153E-06
200904   3.8236E-05  2.1397E-01  1.7873E-01  4.0050E-01  1.5851E+00  4.3426E-06
200905   3.7620E-05  2.1055E-01  8.9950E-02  2.0140E-01  7.9510E-01  4.2731E-06
200906   3.7208E-05  2.0810E-01  2.5640E-02  5.7000E-02  2.2160E-01  4.2234E-06
200907   3.7077E-05  2.0722E-01  2.3100E-03  4.4000E-03  1.2800E-02  4.2058E-06
200908   3.7282E-05  2.0816E-01  2.6010E-02  5.7400E-02  2.2240E-01  4.2251E-06
200909   3.7458E-05  2.1040E-01  8.9340E-02  2.0080E-01  7.9380E-01  4.2694E-06
200910   3.8111E-05  2.1386E-01  1.7818E-01  4.0010E-01  1.5842E+00  4.3397E-06
200911   3.8878E-05  2.1744E-01  2.6820E-01  6.0110E-01  2.3811E+00  4.4131E-06
200912   3.9311E-05  2.1996E-01  3.3400E-01  7.4890E-01  2.9678E+00  4.4641E-06
201001   4.1414E-05  2.2266E-01  3.6551E-01  8.0880E-01  3.1934E+00  4.5270E-06
201002   4.1074E-05  2.2157E-01  3.4070E-01  7.5390E-01  2.9768E+00  4.5041E-06
201003   4.0710E-05  2.1912E-01  2.7506E-01  6.0640E-01  2.3907E+00  4.4546E-06
201004   4.0109E-05  2.1569E-01  1.8605E-01  4.0660E-01  1.5971E+00  4.3850E-06
201005   3.9527E-05  2.1230E-01  9.7280E-02  2.0720E-01  8.0590E-01  4.3163E-06
201006   3.9128E-05  2.0985E-01  3.3120E-02  6.3000E-02  2.3290E-01  4.2669E-06
201007   3.9009E-05  2.0898E-01  9.8000E-03  1.0700E-02  2.4800E-02  4.2495E-06
201008   3.9321E-05  2.1003E-01  3.3940E-02  6.3900E-02  2.3500E-01  4.2712E-06
201009   3.9881E-05  2.1262E-01  9.8960E-02  2.0920E-01  8.1060E-01  4.3243E-06
201010   4.0555E-05  2.1609E-01  1.8773E-01  4.0810E-01  1.6001E+00  4.3951E-06
201011   4.1491E-05  2.1983E-01  2.7846E-01  6.0970E-01  2.3982E+00  4.4722E-06
201012   4.1970E-05  2.2239E-01  3.4433E-01  7.5750E-01  2.9847E+00  4.5243E-06
201101   4.6050E-05  2.2690E-01  3.8286E-01  8.2180E-01  3.2163E+00  4.6320E-06
201102   4.6025E-05  2.2610E-01  3.5900E-01  7.6730E-01  3.0002E+00  4.6163E-06
201103   4.5765E-05  2.2374E-01  2.9385E-01  6.2030E-01  2.4149E+00  4.5691E-06
201104   4.5223E-05  2.2036E-01  2.0445E-01  4.1910E-01  1.6170E+00  4.5010E-06
201105   4.4568E-05  2.1690E-01  1.1566E-01  2.2030E-01  8.2780E-01  4.4306E-06
201106   4.3848E-05  2.1417E-01  5.0290E-02  7.5100E-02  2.5300E-01  4.3739E-06
201107   4.3806E-05  2.1337E-01  2.7520E-02  2.3400E-02  4.6600E-02  4.3583E-06
201108   4.3967E-05  2.1427E-01  5.1360E-02  7.7200E-02  2.5920E-01  4.3765E-06
201109   4.4350E-05  2.1670E-01  1.1532E-01  2.2100E-01  8.3040E-01  4.4256E-06
201110   4.4775E-05  2.1995E-01  2.0353E-01  4.2010E-01  1.6214E+00  4.4907E-06
201111   4.5305E-05  2.2331E-01  2.9270E-01  6.2040E-01  2.4170E+00  4.5587E-06
201112   4.5908E-05  2.2599E-01  3.5951E-01  7.6930E-01  3.0067E+00  4.6136E-06
