197501   7.0609E-03  1.4342E-01  3.8343E-01  7.9050E-01  3.0579E+00  4.5511E-06
197502   6.9509E-03  1.4246E-01  3.5448E-01  7.3380E-01  2.8484E+00  4.5237E-06
197503   6.8298E-03  1.4062E-01  2.9666E-01  6.0440E-01  2.2939E+00  4.4673E-06
197504   6.7066E-03  1.3832E-01  2.2471E-01  4.3670E-01  1.5475E+00  4.3950E-06
197505   6.5484E-03  1.3596E-01  1.5637E-01  2.7350E-01  8.0220E-01  4.3192E-06
197506   6.5214E-03  1.3459E-01  1.1336E-01  1.6270E-01  2.6990E-01  4.2732E-06
197507   6.7663E-03  1.3502E-01  1.0840E-01  1.3470E-01  9.3000E-02  4.2839E-06
197508   7.0481E-03  1.3650E-01  1.3631E-01  1.8830E-01  2.9830E-01  4.3290E-06
197509   6.8820E-03  1.3729E-01  1.8340E-01  3.0640E-01  8.3570E-01  4.3541E-06
197510   6.8524E-03  1.3899E-01  2.4579E-01  4.6210E-01  1.5629E+00  4.4098E-06
197511   7.0329E-03  1.4142E-01  3.1113E-01  6.2130E-01  2.3081E+00  4.4887E-06
197512   6.9553E-03  1.4247E-01  3.5404E-01  7.3340E-01  2.8498E+00  4.5242E-06
197601   6.9563E-03  1.4294E-01  3.6783E-01  7.7110E-01  3.0451E+00  4.5404E-06
197602   6.8658E-03  1.4212E-01  3.4625E-01  7.2300E-01  2.8412E+00  4.5148E-06
197603   6.9344E-03  1.4098E-01  2.9716E-01  6.0240E-01  2.2936E+00  4.4785E-06
197604   6.8597E-03  1.3887E-01  2.2847E-01  4.3860E-01  1.5504E+00  4.4114E-06
197605   6.6367E-03  1.3626E-01  1.5726E-01  2.7380E-01  8.0900E-01  4.3288E-06
197606   6.5379E-03  1.3457E-01  1.0607E-01  1.5410E-01  2.6860E-01  4.2754E-06
197607   6.4814E-03  1.3390E-01  8.7790E-02  1.1120E-01  7.3800E-02  4.2540E-06
197608   6.6583E-03  1.3499E-01  1.0921E-01  1.5730E-01  2.7400E-01  4.2884E-06
197609   6.6815E-03  1.3642E-01  1.5871E-01  2.7570E-01  8.1060E-01  4.3336E-06
197610   6.7905E-03  1.3862E-01  2.2758E-01  4.3910E-01  1.5497E+00  4.4038E-06
197611   6.8235E-03  1.4060E-01  2.9659E-01  6.0370E-01  2.2932E+00  4.4666E-06
197612   6.9622E-03  1.4246E-01  3.5084E-01  7.2870E-01  2.8451E+00  4.5249E-06
197701   7.0156E-03  1.4317E-01  3.7429E-01  7.7970E-01  3.0524E+00  4.5464E-06
197702   7.0957E-03  1.4296E-01  3.6263E-01  7.4410E-01  2.8578E+00  4.5386E-06
197703   6.9270E-03  1.4107E-01  3.1658E-01  6.3050E-01  2.3107E+00  4.4767E-06
197704   6.9355E-03  1.3932E-01  2.5774E-01  4.7890E-01  1.5746E+00  4.4182E-06
197705   6.9266E-03  1.3753E-01  2.0062E-01  3.3040E-01  8.4740E-01  4.3581E-06
197706   7.0879E-03  1.3681E-01  1.6326E-01  2.2520E-01  3.1560E-01  4.3320E-06
197707   7.0096E-03  1.3617E-01  1.5395E-01  1.9460E-01  1.3550E-01  4.3083E-06
197708   7.1190E-03  1.3709E-01  1.8045E-01  2.4780E-01  3.3830E-01  4.3354E-06
197709   7.2163E-03  1.3877E-01  2.3619E-01  3.7110E-01  8.5970E-01  4.3869E-06
197710   7.2304E-03  1.4077E-01  3.1794E-01  5.5150E-01  1.6017E+00  4.4463E-06
197711   7.7242E-03  1.4457E-01  4.2129E-01  7.6090E-01  2.4083E+00  4.5592E-06
197712   8.0074E-03  1.4712E-01  4.9994E-01  9.1510E-01  2.9740E+00  4.6321E-06
197801   8.1368E-03  1.4824E-01  5.4078E-01  9.8550E-01  3.1889E+00  4.6603E-06
197802   8.8302E-03  1.5016E-01  5.4578E-01  9.6320E-01  3.0100E+00  4.7169E-06
197803   8.4723E-03  1.4760E-01  4.9226E-01  8.3930E-01  2.4470E+00  4.6337E-06
197804   8.2403E-03  1.4492E-01  4.2021E-01  6.7100E-01  1.6878E+00  4.5484E-06
197805   8.2162E-03  1.4302E-01  3.5565E-01  5.1410E-01  9.5780E-01  4.4875E-06
197806   8.2668E-03  1.4191E-01  3.1361E-01  4.0770E-01  4.4230E-01  4.4510E-06
197807   8.1381E-03  1.4106E-01  2.9781E-01  3.6860E-01  2.4840E-01  4.4223E-06
197808   7.8315E-03  1.4059E-01  3.1245E-01  4.0780E-01  4.3090E-01  4.4053E-06
197809   8.4736E-03  1.4406E-01  3.7346E-01  5.3120E-01  9.6460E-01  4.5144E-06
197810   8.5939E-03  1.4643E-01  4.5208E-01  7.0440E-01  1.7184E+00  4.5849E-06
197811   8.5630E-03  1.4837E-01  5.3436E-01  8.8120E-01  2.4578E+00  4.6393E-06
197812   9.0018E-03  1.5149E-01  6.1419E-01  1.0309E+00  3.0084E+00  4.7285E-06
197901   9.9471E-03  1.5544E-01  6.7920E-01  1.1307E+00  3.2781E+00  4.8445E-06
197902   1.0024E-02  1.5532E-01  6.8240E-01  1.1185E+00  3.1104E+00  4.8356E-06
197903   9.9286E-03  1.5361E-01  6.3666E-01  1.0104E+00  2.5871E+00  4.7818E-06
197904   9.1891E-03  1.4914E-01  5.4215E-01  8.1620E-01  1.7861E+00  4.6440E-06
197905   8.8951E-03  1.4614E-01  4.5444E-01  6.3060E-01  1.0348E+00  4.5540E-06
197906   8.8738E-03  1.4467E-01  3.9090E-01  4.8940E-01  4.6640E-01  4.5101E-06
197907   8.7677E-03  1.4385E-01  3.6880E-01  4.4170E-01  2.7610E-01  4.4836E-06
197908   8.8991E-03  1.4487E-01  3.9542E-01  4.9190E-01  4.7740E-01  4.5126E-06
197909   9.3471E-03  1.4790E-01  4.6476E-01  6.2960E-01  1.0315E+00  4.6027E-06
197910   9.5996E-03  1.5071E-01  5.4897E-01  8.0990E-01  1.7824E+00  4.6870E-06
197911   9.8949E-03  1.5363E-01  6.2778E-01  9.8430E-01  2.5326E+00  4.7775E-06
197912   9.6540E-03  1.5416E-01  6.7236E-01  1.1025E+00  3.0887E+00  4.7955E-06
198001   9.7741E-03  1.5500E-01  6.8137E-01  1.1335E+00  3.2775E+00  4.8255E-06
198002   9.5231E-03  1.5352E-01  6.4534E-01  1.0678E+00  3.0483E+00  4.7831E-06
198003   9.0846E-03  1.5062E-01  5.8183E-01  9.3710E-01  2.5108E+00  4.6937E-06
198004   9.1264E-03  1.4879E-01  5.0612E-01  7.5940E-01  1.7339E+00  4.6381E-06
198005   9.3991E-03  1.4777E-01  4.4222E-01  6.0160E-01  1.0131E+00  4.6078E-06
198006   8.9358E-03  1.4490E-01  3.8577E-01  4.8080E-01  4.8070E-01  4.5168E-06
198007   8.8723E-03  1.4418E-01  3.6539E-01  4.3600E-01  2.8260E-01  4.4949E-06
198008   8.6497E-03  1.4394E-01  3.7790E-01  4.7340E-01  4.6370E-01  4.4872E-06
198009   8.9165E-03  1.4619E-01  4.3345E-01  5.9670E-01  1.0043E+00  4.5579E-06
198010   9.1942E-03  1.4898E-01  5.1168E-01  7.7150E-01  1.7605E+00  4.6454E-06
198011   9.3167E-03  1.5131E-01  5.8625E-01  9.4000E-01  2.4920E+00  4.7173E-06
198012   9.8347E-03  1.5448E-01  6.5314E-01  1.0828E+00  3.0834E+00  4.8162E-06
198101   9.1532E-03  1.5273E-01  6.6264E-01  1.1225E+00  3.2717E+00  4.7595E-06
198102   9.3531E-03  1.5291E-01  6.4550E-01  1.0736E+00  3.0409E+00  4.7648E-06
198103   9.4738E-03  1.5194E-01  5.9871E-01  9.6040E-01  2.5216E+00  4.7344E-06
198104   9.6320E-03  1.5053E-01  5.2865E-01  7.9620E-01  1.7973E+00  4.6923E-06
198105   9.0435E-03  1.4662E-01  4.3824E-01  6.0690E-01  1.0261E+00  4.5714E-06
198106   8.3432E-03  1.4292E-01  3.6657E-01  4.6020E-01  4.5060E-01  4.4547E-06
198107   8.6907E-03  1.4368E-01  3.5253E-01  4.0970E-01  2.2510E-01  4.4760E-06
198108   9.2649E-03  1.4625E-01  3.9646E-01  4.8190E-01  4.7220E-01  4.5519E-06
198109   9.6738E-03  1.4911E-01  4.6989E-01  6.3030E-01  1.0500E+00  4.6372E-06
198110   9.6794E-03  1.5107E-01  5.4363E-01  7.9900E-01  1.7735E+00  4.6963E-06
198111   9.5518E-03  1.5251E-01  6.0791E-01  9.6120E-01  2.5186E+00  4.7425E-06
198112   9.7067E-03  1.5429E-01  6.5096E-01  1.0715E+00  3.0645E+00  4.8028E-06
198201   9.2869E-03  1.5330E-01  6.4780E-01  1.0913E+00  3.2526E+00  4.7752E-06
198202   9.4957E-03  1.5331E-01  6.1207E-01  1.0171E+00  3.0086E+00  4.7817E-06
198203   9.3637E-03  1.5129E-01  5.4328E-01  8.7500E-01  2.4562E+00  4.7244E-06
198204   8.5769E-03  1.4668E-01  4.4687E-01  6.8390E-01  1.6918E+00  4.5832E-06
198205   8.3407E-03  1.4395E-01  3.6720E-01  5.1110E-01  9.5720E-01  4.5005E-06
198206   8.3566E-03  1.4258E-01  3.1317E-01  3.8380E-01  3.8980E-01  4.4588E-06
198207   8.3459E-03  1.4209E-01  3.0248E-01  3.5410E-01  2.1790E-01  4.4419E-06
198208   8.6213E-03  1.4362E-01  3.3707E-01  4.1800E-01  4.3280E-01  4.4871E-06
198209   8.8974E-03  1.4600E-01  4.0422E-01  5.5940E-01  9.9570E-01  4.5590E-06
198210   9.0474E-03  1.4845E-01  4.8415E-01  7.3800E-01  1.7486E+00  4.6338E-06
198211   9.0143E-03  1.5020E-01  5.5133E-01  8.9960E-01  2.4776E+00  4.6893E-06
198212   9.5595E-03  1.5330E-01  6.0335E-01  1.0212E+00  3.0486E+00  4.7917E-06
198301   8.7566E-03  1.5091E-01  5.8754E-01  1.0287E+00  3.2110E+00  4.7233E-06
198302   8.3022E-03  1.4870E-01  5.3848E-01  9.4870E-01  2.9736E+00  4.6605E-06
198303   8.1102E-03  1.4650E-01  4.6861E-01  8.0510E-01  2.4109E+00  4.5970E-06
198304   8.0569E-03  1.4439E-01  3.9270E-01  6.3250E-01  1.6696E+00  4.5327E-06
198305   8.0752E-03  1.4257E-01  3.2427E-01  4.6870E-01  9.2890E-01  4.4756E-06
198306   8.1489E-03  1.4147E-01  2.7733E-01  3.5350E-01  3.9420E-01  4.4408E-06
198307   7.9018E-03  1.4012E-01  2.5587E-01  3.1080E-01  2.0330E-01  4.3991E-06
198308   7.9951E-03  1.4087E-01  2.7084E-01  3.5250E-01  4.0760E-01  4.4255E-06
198309   7.7531E-03  1.4128E-01  3.0489E-01  4.5330E-01  9.2270E-01  4.4428E-06
198310   7.8343E-03  1.4329E-01  3.6074E-01  6.0010E-01  1.6490E+00  4.5108E-06
198311   7.6620E-03  1.4450E-01  4.1537E-01  7.4740E-01  2.3853E+00  4.5523E-06
198312   7.6698E-03  1.4587E-01  4.5900E-01  8.5690E-01  2.9263E+00  4.5967E-06
198401   7.8562E-03  1.4700E-01  4.7748E-01  8.9300E-01  3.1045E+00  4.6313E-06
198402   8.2933E-03  1.4807E-01  4.7110E-01  8.5860E-01  2.9248E+00  4.6621E-06
198403   8.1941E-03  1.4643E-01  4.2442E-01  7.4520E-01  2.4036E+00  4.6083E-06
198404   7.9546E-03  1.4367E-01  3.4380E-01  5.6410E-01  1.6193E+00  4.5229E-06
198405   7.7176E-03  1.4087E-01  2.6211E-01  3.8880E-01  8.7420E-01  4.4390E-06
198406   7.3337E-03  1.3811E-01  1.9424E-01  2.5510E-01  3.3590E-01  4.3573E-06
198407   7.1200E-03  1.3667E-01  1.5691E-01  1.9340E-01  1.3310E-01  4.3194E-06
198408   6.8947E-03  1.3620E-01  1.5255E-01  2.1130E-01  3.0610E-01  4.3119E-06
198409   6.8146E-03  1.3710E-01  1.8437E-01  3.0860E-01  8.2990E-01  4.3468E-06
198410   6.7654E-03  1.3866E-01  2.3785E-01  4.5270E-01  1.5528E+00  4.4009E-06
198411   6.8543E-03  1.4072E-01  2.9871E-01  6.0630E-01  2.2922E+00  4.4697E-06
198412   6.9352E-03  1.4233E-01  3.4640E-01  7.2400E-01  2.8472E+00  4.5221E-06
198501   6.8994E-03  1.4269E-01  3.6128E-01  7.6290E-01  3.0373E+00  4.5344E-06
198502   6.9299E-03  1.4232E-01  3.4461E-01  7.2070E-01  2.8432E+00  4.5218E-06
198503   6.8572E-03  1.4071E-01  2.9522E-01  6.0080E-01  2.2939E+00  4.4701E-06
198504   6.7880E-03  1.3865E-01  2.2863E-01  4.3820E-01  1.5449E+00  4.4033E-06
198505   6.7844E-03  1.3684E-01  1.6449E-01  2.8020E-01  8.1140E-01  4.3442E-06
198506   6.6855E-03  1.3518E-01  1.1677E-01  1.6570E-01  2.7980E-01  4.2909E-06
198507   6.6950E-03  1.3471E-01  9.9540E-02  1.2390E-01  8.3600E-02  4.2762E-06
198508   6.6708E-03  1.3512E-01  1.1663E-01  1.6710E-01  2.8270E-01  4.2897E-06
198509   6.6688E-03  1.3644E-01  1.6353E-01  2.8200E-01  8.1290E-01  4.3321E-06
198510   6.8269E-03  1.3882E-01  2.3214E-01  4.4440E-01  1.5499E+00  4.4080E-06
198511   6.8747E-03  1.4082E-01  3.0165E-01  6.1020E-01  2.2982E+00  4.4720E-06
198512   6.9717E-03  1.4253E-01  3.5519E-01  7.3480E-01  2.8524E+00  4.5258E-06
198601   6.9692E-03  1.4305E-01  3.7498E-01  7.8040E-01  3.0523E+00  4.5416E-06
198602   7.1737E-03  1.4325E-01  3.6112E-01  7.3940E-01  2.8550E+00  4.5474E-06
198603   7.0244E-03  1.4138E-01  3.0854E-01  6.1770E-01  2.3067E+00  4.4880E-06
198604   6.8753E-03  1.3900E-01  2.3649E-01  4.5020E-01  1.5564E+00  4.4130E-06
198605   6.7245E-03  1.3658E-01  1.6501E-01  2.8570E-01  8.2140E-01  4.3380E-06
198606   6.4998E-03  1.3444E-01  1.0876E-01  1.6000E-01  2.7280E-01  4.2712E-06
198607   6.5249E-03  1.3402E-01  8.9100E-02  1.1450E-01  7.7700E-02  4.2585E-06
198608   6.4660E-03  1.3430E-01  1.0435E-01  1.5350E-01  2.6650E-01  4.2678E-06
198609   6.5886E-03  1.3608E-01  1.5570E-01  2.7250E-01  8.0490E-01  4.3236E-06
198610   6.9250E-03  1.3907E-01  2.3003E-01  4.4060E-01  1.5539E+00  4.4181E-06
198611   6.9946E-03  1.4118E-01  2.9922E-01  6.0540E-01  2.3021E+00  4.4848E-06
198612   6.9313E-03  1.4231E-01  3.4515E-01  7.2060E-01  2.8414E+00  4.5217E-06
198701   6.9006E-03  1.4268E-01  3.6020E-01  7.6080E-01  3.0394E+00  4.5345E-06
198702   6.8174E-03  1.4189E-01  3.3944E-01  7.1360E-01  2.8334E+00  4.5095E-06
198703   6.7684E-03  1.4036E-01  2.9115E-01  5.9570E-01  2.2869E+00  4.4603E-06
198704   6.8461E-03  1.3880E-01  2.2906E-01  4.3830E-01  1.5437E+00  4.4092E-06
198705   6.8052E-03  1.3686E-01  1.6827E-01  2.8630E-01  8.1870E-01  4.3458E-06
198706   6.6676E-03  1.3510E-01  1.2330E-01  1.7540E-01  2.8790E-01  4.2880E-06
198707   6.7300E-03  1.3487E-01  1.1146E-01  1.3910E-01  9.5200E-02  4.2790E-06
198708   6.8276E-03  1.3576E-01  1.3549E-01  1.8760E-01  2.8790E-01  4.3050E-06
198709   6.8532E-03  1.3725E-01  1.9104E-01  3.1370E-01  8.2980E-01  4.3502E-06
198710   7.1303E-03  1.4010E-01  2.7051E-01  4.8960E-01  1.5790E+00  4.4381E-06
198711   7.3414E-03  1.4275E-01  3.5183E-01  6.6990E-01  2.3395E+00  4.5194E-06
198712   7.3268E-03  1.4416E-01  4.1213E-01  8.0340E-01  2.8903E+00  4.5609E-06
198801   7.6264E-03  1.4579E-01  4.4864E-01  8.6920E-01  3.1130E+00  4.6084E-06
198802   7.6865E-03  1.4561E-01  4.4404E-01  8.4130E-01  2.9218E+00  4.5981E-06
198803   7.7059E-03  1.4443E-01  4.0595E-01  7.3300E-01  2.3689E+00  4.5557E-06
198804   7.8420E-03  1.4315E-01  3.5477E-01  5.8920E-01  1.6442E+00  4.5100E-06
198805   7.7445E-03  1.4113E-01  3.0031E-01  4.4410E-01  9.2750E-01  4.4402E-06
198806   7.9794E-03  1.4069E-01  2.6535E-01  3.3670E-01  3.8110E-01  4.4214E-06
198807   7.9925E-03  1.4035E-01  2.6003E-01  3.0710E-01  1.8290E-01  4.4056E-06
198808   8.1987E-03  1.4171E-01  2.9937E-01  3.7660E-01  4.0810E-01  4.4426E-06
198809   8.5710E-03  1.4448E-01  3.7360E-01  5.2550E-01  9.8140E-01  4.5242E-06
198810   8.7605E-03  1.4709E-01  4.5929E-01  7.0620E-01  1.7130E+00  4.6013E-06
198811   8.7358E-03  1.4911E-01  5.4490E-01  8.8960E-01  2.4575E+00  4.6574E-06
198812   9.4022E-03  1.5286E-01  6.2763E-01  1.0457E+00  3.0384E+00  4.7700E-06
198901   9.8501E-03  1.5497E-01  6.7343E-01  1.1228E+00  3.2742E+00  4.8317E-06
198902   9.8173E-03  1.5447E-01  6.6752E-01  1.0970E+00  3.0945E+00  4.8119E-06
198903   9.4264E-03  1.5188E-01  6.1317E-01  9.7010E-01  2.5102E+00  4.7270E-06
198904   9.1631E-03  1.4917E-01  5.4515E-01  8.0930E-01  1.7695E+00  4.6393E-06
198905   9.4415E-03  1.4837E-01  4.8912E-01  6.5940E-01  1.0557E+00  4.6106E-06
198906   9.9272E-03  1.4874E-01  4.5187E-01  5.4670E-01  5.0950E-01  4.6193E-06
198907   9.4143E-03  1.4661E-01  4.3328E-01  5.1050E-01  3.4370E-01  4.5487E-06
198908   9.6131E-03  1.4781E-01  4.5462E-01  5.4990E-01  5.0620E-01  4.5852E-06
198909   9.6635E-03  1.4937E-01  5.0833E-01  6.7210E-01  1.0307E+00  4.6330E-06
198910   9.8646E-03  1.5193E-01  5.9104E-01  8.6120E-01  1.8252E+00  4.7129E-06
198911   1.0306E-02  1.5529E-01  6.7145E-01  1.0392E+00  2.5816E+00  4.8192E-06
198912   1.0239E-02  1.5639E-01  7.1845E-01  1.1582E+00  3.1259E+00  4.8558E-06
199001   1.0101E-02  1.5633E-01  7.2549E-01  1.1911E+00  3.3199E+00  4.8577E-06
199002   9.5347E-03  1.5379E-01  6.8347E-01  1.1212E+00  3.0846E+00  4.7821E-06
199003   9.4216E-03  1.5190E-01  6.1931E-01  9.8480E-01  2.5263E+00  4.7270E-06
199004   9.4326E-03  1.4998E-01  5.4371E-01  8.1480E-01  1.7980E+00  4.6696E-06
199005   9.0994E-03  1.4694E-01  4.5993E-01  6.3060E-01  1.0255E+00  4.5756E-06
199006   8.9085E-03  1.4492E-01  4.0206E-01  5.0210E-01  4.9240E-01  4.5128E-06
199007   8.9316E-03  1.4452E-01  3.7855E-01  4.4590E-01  2.7290E-01  4.4999E-06
199008   9.3882E-03  1.4656E-01  4.0227E-01  4.8810E-01  4.6660E-01  4.5640E-06
199009   9.2727E-03  1.4753E-01  4.5268E-01  6.1270E-01  1.0418E+00  4.5941E-06
199010   9.3844E-03  1.4978E-01  5.1800E-01  7.6680E-01  1.7652E+00  4.6649E-06
199011   9.0421E-03  1.5054E-01  5.7221E-01  9.0360E-01  2.4335E+00  4.6877E-06
199012   9.3683E-03  1.5312E-01  6.3954E-01  1.0467E+00  3.0332E+00  4.7657E-06
199101   9.7786E-03  1.5518E-01  6.8150E-01  1.1149E+00  3.2390E+00  4.8247E-06
199102   1.0253E-02  1.5647E-01  6.9363E-01  1.1106E+00  3.0837E+00  4.8592E-06
199103   1.0247E-02  1.5520E-01  6.6039E-01  1.0187E+00  2.5718E+00  4.8147E-06
199104   9.8691E-03  1.5213E-01  5.9123E-01  8.6160E-01  1.8399E+00  4.7162E-06
199105   9.4228E-03  1.4879E-01  5.0795E-01  6.7710E-01  1.0414E+00  4.6106E-06
199106   9.5400E-03  1.4784E-01  4.5831E-01  5.5670E-01  5.0640E-01  4.5807E-06
199107   9.7832E-03  1.4818E-01  4.4704E-01  5.2270E-01  3.3840E-01  4.5913E-06
199108   9.8826E-03  1.4902E-01  4.6697E-01  5.6690E-01  5.3480E-01  4.6174E-06
199109   9.6580E-03  1.4961E-01  5.1204E-01  6.8300E-01  1.0806E+00  4.6362E-06
199110   9.7450E-03  1.5176E-01  5.7361E-01  8.2860E-01  1.7704E+00  4.7043E-06
199111   9.5416E-03  1.5298E-01  6.4091E-01  9.9440E-01  2.5343E+00  4.7417E-06
199112   9.9289E-03  1.5573E-01  6.9860E-01  1.1139E+00  3.0494E+00  4.8264E-06
199201   1.0501E-02  1.5820E-01  7.3748E-01  1.1883E+00  3.3209E+00  4.9036E-06
199202   1.0690E-02  1.5825E-01  7.1816E-01  1.1459E+00  3.1251E+00  4.9083E-06
199203   9.8540E-03  1.5381E-01  6.3524E-01  9.9830E-01  2.5626E+00  4.7767E-06
199204   9.3050E-03  1.4973E-01  5.2458E-01  7.8790E-01  1.7770E+00  4.6606E-06
199205   8.4885E-03  1.4476E-01  4.0579E-01  5.6760E-01  9.8460E-01  4.5168E-06
199206   8.0391E-03  1.4159E-01  3.1820E-01  4.0460E-01  4.1810E-01  4.4273E-06
199207   8.0905E-03  1.4107E-01  2.7938E-01  3.3320E-01  2.0660E-01  4.4182E-06
199208   8.0549E-03  1.4137E-01  2.8348E-01  3.5670E-01  3.8710E-01  4.4310E-06
199209   8.0471E-03  1.4266E-01  3.2952E-01  4.7100E-01  9.2940E-01  4.4730E-06
199210   8.2322E-03  1.4514E-01  4.0155E-01  6.3590E-01  1.6614E+00  4.5510E-06
199211   8.6034E-03  1.4829E-01  4.8220E-01  8.1480E-01  2.4296E+00  4.6497E-06
199212   8.6818E-03  1.4995E-01  5.3874E-01  9.4610E-01  2.9972E+00  4.7016E-06
199301   8.3955E-03  1.4949E-01  5.5013E-01  9.8360E-01  3.1839E+00  4.6875E-06
199302   8.4315E-03  1.4901E-01  5.2336E-01  9.2550E-01  2.9514E+00  4.6753E-06
199303   8.4782E-03  1.4768E-01  4.6815E-01  8.0410E-01  2.4316E+00  4.6371E-06
199304   8.0600E-03  1.4428E-01  3.8051E-01  6.2000E-01  1.6701E+00  4.5343E-06
199305   7.7112E-03  1.4111E-01  2.9050E-01  4.3250E-01  9.0650E-01  4.4394E-06
199306   7.5826E-03  1.3914E-01  2.2311E-01  2.9390E-01  3.6330E-01  4.3835E-06
199307   7.2952E-03  1.3749E-01  1.8267E-01  2.2440E-01  1.4740E-01  4.3376E-06
199308   7.1333E-03  1.3730E-01  1.8099E-01  2.4280E-01  3.2460E-01  4.3368E-06
199309   6.9712E-03  1.3800E-01  2.1415E-01  3.3980E-01  8.4280E-01  4.3627E-06
199310   7.1752E-03  1.4046E-01  2.7649E-01  4.9210E-01  1.5725E+00  4.4430E-06
199311   7.2431E-03  1.4255E-01  3.4358E-01  6.5270E-01  2.3148E+00  4.5096E-06
199312   7.5381E-03  1.4494E-01  4.0184E-01  7.8300E-01  2.8857E+00  4.5849E-06
199401   7.6382E-03  1.4576E-01  4.2121E-01  8.2730E-01  3.0788E+00  4.6114E-06
199402   7.4966E-03  1.4472E-01  3.9978E-01  7.8430E-01  2.8907E+00  4.5805E-06
199403   7.2839E-03  1.4257E-01  3.3971E-01  6.5460E-01  2.3356E+00  4.5150E-06
199404   6.8530E-03  1.3913E-01  2.5395E-01  4.7100E-01  1.5628E+00  4.4097E-06
199405   6.7685E-03  1.3692E-01  1.7681E-01  2.9710E-01  8.1870E-01  4.3425E-06
199406   6.6231E-03  1.3501E-01  1.1887E-01  1.6870E-01  2.7650E-01  4.2842E-06
199407   6.6808E-03  1.3470E-01  9.7620E-02  1.2070E-01  8.1200E-02  4.2753E-06
199408   6.5682E-03  1.3476E-01  1.1057E-01  1.5730E-01  2.6830E-01  4.2784E-06
199409   6.6861E-03  1.3650E-01  1.6071E-01  2.7510E-01  8.0270E-01  4.3337E-06
199410   6.9553E-03  1.3928E-01  2.3512E-01  4.4530E-01  1.5557E+00  4.4212E-06
199411   6.9511E-03  1.4114E-01  3.0476E-01  6.1140E-01  2.3008E+00  4.4801E-06
199412   7.0916E-03  1.4300E-01  3.5793E-01  7.3470E-01  2.8493E+00  4.5386E-06
199501   7.0353E-03  1.4329E-01  3.7563E-01  7.7870E-01  3.0520E+00  4.5484E-06
199502   7.1547E-03  1.4323E-01  3.5816E-01  7.3510E-01  2.8565E+00  4.5460E-06
199503   7.0086E-03  1.4131E-01  3.0209E-01  6.0690E-01  2.2973E+00  4.4866E-06
199504   6.7270E-03  1.3842E-01  2.2533E-01  4.3410E-01  1.5419E+00  4.3967E-06
199505   6.5877E-03  1.3609E-01  1.5211E-01  2.6600E-01  7.9890E-01  4.3236E-06
199506   6.5322E-03  1.3454E-01  1.0017E-01  1.4540E-01  2.6410E-01  4.2752E-06
199507   6.5215E-03  1.3399E-01  7.9780E-02  9.9500E-02  6.7100E-02  4.2588E-06
199508   6.5266E-03  1.3445E-01  9.5540E-02  1.4040E-01  2.6460E-01  4.2747E-06
199509   6.5280E-03  1.3578E-01  1.4102E-01  2.5330E-01  7.9470E-01  4.3178E-06
199510   6.7015E-03  1.3818E-01  2.0728E-01  4.1250E-01  1.5334E+00  4.3951E-06
199511   6.7025E-03  1.3999E-01  2.6979E-01  5.6910E-01  2.2731E+00  4.4546E-06
199512   6.6917E-03  1.4125E-01  3.1301E-01  6.8070E-01  2.8144E+00  4.4970E-06
199601   6.7221E-03  1.4180E-01  3.2584E-01  7.1810E-01  3.0147E+00  4.5168E-06
199602   6.5670E-03  1.4069E-01  2.9969E-01  6.6480E-01  2.8038E+00  4.4838E-06
199603   6.4599E-03  1.3894E-01  2.4525E-01  5.3920E-01  2.2484E+00  4.4288E-06
199604   6.3416E-03  1.3667E-01  1.7610E-01  3.7500E-01  1.5041E+00  4.3568E-06
199605   6.3443E-03  1.3489E-01  1.1148E-01  2.1680E-01  7.7170E-01  4.2987E-06
199606   6.2851E-03  1.3337E-01  6.4410E-02  1.0170E-01  2.3690E-01  4.2495E-06
199607   6.2935E-03  1.3293E-01  4.8670E-02  6.1200E-02  4.2000E-02  4.2349E-06
199608   6.3542E-03  1.3365E-01  6.8780E-02  1.0690E-01  2.4170E-01  4.2572E-06
199609   6.3752E-03  1.3504E-01  1.1824E-01  2.2520E-01  7.7840E-01  4.3018E-06
199610   6.3916E-03  1.3694E-01  1.8535E-01  3.8630E-01  1.5113E+00  4.3621E-06
199611   6.6184E-03  1.3959E-01  2.5736E-01  5.5230E-01  2.2550E+00  4.4456E-06
199612   6.7894E-03  1.4154E-01  3.1301E-01  6.8060E-01  2.8221E+00  4.5075E-06
199701   6.6970E-03  1.4174E-01  3.2991E-01  7.2330E-01  3.0162E+00  4.5136E-06
199702   6.6646E-03  1.4111E-01  3.1109E-01  6.7900E-01  2.8128E+00  4.4940E-06
199703   6.6103E-03  1.3957E-01  2.6142E-01  5.5980E-01  2.2668E+00  4.4445E-06
199704   6.4979E-03  1.3734E-01  1.9318E-01  3.9610E-01  1.5185E+00  4.3732E-06
199705   6.4999E-03  1.3554E-01  1.2971E-01  2.3950E-01  7.8870E-01  4.3146E-06
199706   6.3798E-03  1.3383E-01  8.3050E-02  1.2510E-01  2.4950E-01  4.2589E-06
199707   6.3229E-03  1.3321E-01  7.0710E-02  8.9300E-02  5.5200E-02  4.2368E-06
199708   6.5095E-03  1.3442E-01  1.0108E-01  1.4670E-01  2.6360E-01  4.2721E-06
199709   6.8885E-03  1.3711E-01  1.6587E-01  2.8130E-01  8.1310E-01  4.3543E-06
199710   6.8667E-03  1.3899E-01  2.4254E-01  4.5630E-01  1.5635E+00  4.4107E-06
199711   7.2059E-03  1.4207E-01  3.2248E-01  6.3190E-01  2.3140E+00  4.5060E-06
199712   7.2886E-03  1.4376E-01  3.7930E-01  7.6050E-01  2.8688E+00  4.5581E-06
199801   7.2637E-03  1.4423E-01  4.0252E-01  8.1130E-01  3.0757E+00  4.5712E-06
199802   7.1301E-03  1.4333E-01  3.8680E-01  7.6920E-01  2.8618E+00  4.5403E-06
199803   7.2681E-03  1.4249E-01  3.4850E-01  6.6210E-01  2.3223E+00  4.5106E-06
199804   7.4068E-03  1.4124E-01  2.9664E-01  5.1990E-01  1.6072E+00  4.4662E-06
199805   7.2559E-03  1.3899E-01  2.3833E-01  3.6870E-01  8.6140E-01  4.3905E-06
199806   7.3041E-03  1.3795E-01  2.0451E-01  2.6980E-01  3.3900E-01  4.3524E-06
199807   7.6252E-03  1.3869E-01  2.0764E-01  2.5190E-01  1.7390E-01  4.3707E-06
199808   7.7824E-03  1.3982E-01  2.3956E-01  3.0890E-01  3.6490E-01  4.4020E-06
199809   7.9701E-03  1.4188E-01  3.0355E-01  4.4530E-01  9.1710E-01  4.4642E-06
199810   7.8071E-03  1.4330E-01  3.7892E-01  6.2070E-01  1.6633E+00  4.5058E-06
199811   8.1772E-03  1.4644E-01  4.6118E-01  8.0000E-01  2.4152E+00  4.6035E-06
199812   8.5474E-03  1.4906E-01  5.2523E-01  9.3860E-01  2.9926E+00  4.6861E-06
199901   8.5407E-03  1.4956E-01  5.4477E-01  9.8580E-01  3.2030E+00  4.7018E-06
199902   8.1591E-03  1.4768E-01  5.1244E-01  9.2290E-01  2.9606E+00  4.6442E-06
199903   7.9479E-03  1.4561E-01  4.5547E-01  7.9550E-01  2.4099E+00  4.5788E-06
199904   7.5771E-03  1.4258E-01  3.8089E-01  6.2330E-01  1.6445E+00  4.4806E-06
199905   8.1536E-03  1.4272E-01  3.3341E-01  4.8260E-01  9.4490E-01  4.4821E-06
199906   8.4482E-03  1.4247E-01  2.9929E-01  3.8000E-01  4.2100E-01  4.4698E-06
199907   8.3486E-03  1.4171E-01  2.8793E-01  3.4490E-01  2.2570E-01  4.4427E-06
199908   8.4032E-03  1.4245E-01  3.1241E-01  3.9580E-01  4.2990E-01  4.4639E-06
199909   8.0144E-03  1.4264E-01  3.5876E-01  5.1160E-01  9.5480E-01  4.4665E-06
199910   8.4865E-03  1.4613E-01  4.3734E-01  6.8130E-01  1.6861E+00  4.5746E-06
199911   8.9931E-03  1.4976E-01  5.2435E-01  8.6470E-01  2.4501E+00  4.6862E-06
199912   9.0094E-03  1.5134E-01  5.8897E-01  1.0043E+00  3.0172E+00  4.7316E-06
200001   8.9640E-03  1.5182E-01  6.2020E-01  1.0666E+00  3.2406E+00  4.7428E-06
200002   9.1033E-03  1.5180E-01  6.0980E-01  1.0297E+00  3.0375E+00  4.7401E-06
200003   9.4587E-03  1.5162E-01  5.6577E-01  9.1130E-01  2.4841E+00  4.7334E-06
200004   9.2886E-03  1.4923E-01  4.9644E-01  7.4760E-01  1.7535E+00  4.6566E-06
200005   8.7260E-03  1.4545E-01  4.1447E-01  5.6800E-01  9.7610E-01  4.5372E-06
200006   8.6916E-03  1.4401E-01  3.6611E-01  4.5260E-01  4.4520E-01  4.4914E-06
200007   9.1653E-03  1.4504E-01  3.6009E-01  4.2500E-01  2.7720E-01  4.5254E-06
200008   8.8157E-03  1.4450E-01  3.7807E-01  4.7470E-01  4.8420E-01  4.5063E-06
200009   8.7886E-03  1.4574E-01  4.2481E-01  5.8870E-01  9.8670E-01  4.5457E-06
200010   8.9709E-03  1.4822E-01  5.0507E-01  7.7200E-01  1.7731E+00  4.6243E-06
200011   9.3397E-03  1.5133E-01  5.8025E-01  9.4260E-01  2.5161E+00  4.7229E-06
200012   9.3007E-03  1.5258E-01  6.2868E-01  1.0627E+00  3.0673E+00  4.7631E-06
200101   9.1058E-03  1.5239E-01  6.3479E-01  1.0919E+00  3.2542E+00  4.7591E-06
200102   8.8182E-03  1.5087E-01  5.9985E-01  1.0272E+00  3.0408E+00  4.7135E-06
200103   8.7932E-03  1.4920E-01  5.3263E-01  8.7980E-01  2.4540E+00  4.6653E-06
200104   8.7441E-03  1.4711E-01  4.5454E-01  7.0210E-01  1.7022E+00  4.6013E-06
200105   8.4362E-03  1.4424E-01  3.7984E-01  5.3440E-01  9.7280E-01  4.5108E-06
200106   8.6818E-03  1.4371E-01  3.3440E-01  4.1950E-01  4.4130E-01  4.4943E-06
200107   8.0628E-03  1.4125E-01  3.1212E-01  3.7460E-01  2.3390E-01  4.4132E-06
200108   8.2683E-03  1.4254E-01  3.4546E-01  4.3160E-01  4.2340E-01  4.4487E-06
200109   9.3444E-03  1.4755E-01  4.3541E-01  5.9180E-01  1.0014E+00  4.6017E-06
200110   9.6152E-03  1.5067E-01  5.3853E-01  7.9800E-01  1.7830E+00  4.6891E-06
200111   9.5762E-03  1.5267E-01  6.3080E-01  9.9060E-01  2.5195E+00  4.7427E-06
200112   1.0260E-02  1.5650E-01  7.1685E-01  1.1571E+00  3.1242E+00  4.8586E-06
200201   1.0574E-02  1.5811E-01  7.5252E-01  1.2266E+00  3.3674E+00  4.9082E-06
200202   1.0077E-02  1.5593E-01  7.1538E-01  1.1617E+00  3.1345E+00  4.8410E-06
200203   9.4741E-03  1.5239E-01  6.3164E-01  1.0010E+00  2.5460E+00  4.7350E-06
200204   9.3462E-03  1.4980E-01  5.2898E-01  7.9120E-01  1.7598E+00  4.6628E-06
200205   9.0709E-03  1.4676E-01  4.2985E-01  5.8990E-01  1.0075E+00  4.5756E-06
200206   8.5118E-03  1.4345E-01  3.4899E-01  4.3350E-01  4.4310E-01  4.4758E-06
200207   8.3327E-03  1.4214E-01  3.0941E-01  3.5900E-01  1.9930E-01  4.4395E-06
200208   8.6162E-03  1.4352E-01  3.3026E-01  4.0520E-01  4.2050E-01  4.4851E-06
200209   8.7584E-03  1.4538E-01  3.8380E-01  5.2910E-01  9.6760E-01  4.5437E-06
200210   8.7632E-03  1.4730E-01  4.5377E-01  6.9700E-01  1.7070E+00  4.6041E-06
200211   8.8178E-03  1.4926E-01  5.2191E-01  8.6370E-01  2.4511E+00  4.6689E-06
200212   8.9725E-03  1.5111E-01  5.7150E-01  9.8910E-01  3.0306E+00  4.7311E-06
200301   8.6748E-03  1.5046E-01  5.6807E-01  1.0088E+00  3.2060E+00  4.7166E-06
200302   8.1250E-03  1.4794E-01  5.1889E-01  9.2910E-01  2.9726E+00  4.6432E-06
200303   8.1369E-03  1.4639E-01  4.4538E-01  7.7600E-01  2.3957E+00  4.6013E-06
200304   7.9131E-03  1.4365E-01  3.5679E-01  5.8650E-01  1.6371E+00  4.5191E-06
200305   7.5252E-03  1.4040E-01  2.7354E-01  4.0560E-01  8.8140E-01  4.4188E-06
200306   7.5164E-03  1.3899E-01  2.2120E-01  2.8270E-01  3.3830E-01  4.3750E-06
200307   7.7517E-03  1.3932E-01  2.0925E-01  2.4700E-01  1.6370E-01  4.3851E-06
200308   7.7116E-03  1.3968E-01  2.2508E-01  2.8780E-01  3.6140E-01  4.3967E-06
200309   7.5803E-03  1.4057E-01  2.6757E-01  3.9690E-01  8.9310E-01  4.4254E-06
200310   7.8099E-03  1.4304E-01  3.2473E-01  5.3620E-01  1.5711E+00  4.5064E-06
200311   8.0253E-03  1.4569E-01  3.9884E-01  7.1090E-01  2.3678E+00  4.5904E-06
200312   7.8475E-03  1.4647E-01  4.4350E-01  8.2820E-01  2.9163E+00  4.6163E-06
200401   7.7361E-03  1.4652E-01  4.5427E-01  8.6490E-01  3.0997E+00  4.6208E-06
200402   7.6577E-03  1.4567E-01  4.2893E-01  8.1520E-01  2.8979E+00  4.5971E-06
200403   7.5600E-03  1.4385E-01  3.6963E-01  6.8500E-01  2.3464E+00  4.5431E-06
200404   7.3267E-03  1.4116E-01  2.8940E-01  5.0810E-01  1.5956E+00  4.4601E-06
200405   7.0680E-03  1.3833E-01  2.0817E-01  3.2820E-01  8.3500E-01  4.3732E-06
200406   6.9803E-03  1.3667E-01  1.5242E-01  2.0130E-01  2.9470E-01  4.3212E-06
200407   7.1220E-03  1.3660E-01  1.3334E-01  1.5310E-01  8.9500E-02  4.3199E-06
200408   7.1168E-03  1.3710E-01  1.5180E-01  1.9710E-01  2.8840E-01  4.3354E-06
200409   7.1342E-03  1.3853E-01  2.0379E-01  3.2100E-01  8.4100E-01  4.3805E-06
200410   7.2391E-03  1.4072E-01  2.7245E-01  4.8430E-01  1.5786E+00  4.4506E-06
200411   7.4386E-03  1.4322E-01  3.4095E-01  6.4730E-01  2.3207E+00  4.5310E-06
200412   7.3376E-03  1.4424E-01  3.8672E-01  7.6430E-01  2.8750E+00  4.5648E-06
200501   7.3389E-03  1.4463E-01  3.9507E-01  7.9310E-01  3.0452E+00  4.5799E-06
200502   7.2898E-03  1.4392E-01  3.7176E-01  7.4510E-01  2.8588E+00  4.5596E-06
200503   6.9814E-03  1.4142E-01  3.0961E-01  6.1090E-01  2.2932E+00  4.4827E-06
200504   6.8040E-03  1.3893E-01  2.3419E-01  4.3860E-01  1.5409E+00  4.4049E-06
200505   6.9339E-03  1.3753E-01  1.6702E-01  2.7550E-01  8.0680E-01  4.3606E-06
200506   6.7461E-03  1.3552E-01  1.1352E-01  1.5270E-01  2.6200E-01  4.2974E-06
200507   6.7987E-03  1.3518E-01  9.5440E-02  1.1030E-01  7.2100E-02  4.2877E-06
200508   6.8142E-03  1.3569E-01  1.1098E-01  1.5190E-01  2.7430E-01  4.3054E-06
200509   6.7236E-03  1.3663E-01  1.5099E-01  2.5890E-01  7.9210E-01  4.3382E-06
200510   6.5581E-03  1.3784E-01  2.0996E-01  4.1240E-01  1.5257E+00  4.3794E-06
200511   6.7413E-03  1.4026E-01  2.7550E-01  5.7140E-01  2.2654E+00  4.4582E-06
200512   7.0381E-03  1.4266E-01  3.2869E-01  6.9530E-01  2.8285E+00  4.5347E-06
200601   6.9065E-03  1.4265E-01  3.4297E-01  7.3610E-01  3.0292E+00  4.5363E-06
200602   6.6655E-03  1.4128E-01  3.1775E-01  6.8470E-01  2.8138E+00  4.4941E-06
200603   6.5254E-03  1.3943E-01  2.6410E-01  5.6020E-01  2.2572E+00  4.4354E-06
200604   6.7501E-03  1.3839E-01  2.0122E-01  4.0190E-01  1.5249E+00  4.4014E-06
200605   6.6026E-03  1.3605E-01  1.3252E-01  2.3970E-01  7.9240E-01  4.3270E-06
200606   6.3963E-03  1.3395E-01  7.6740E-02  1.1380E-01  2.4310E-01  4.2615E-06
200607   6.3519E-03  1.3327E-01  5.3480E-02  6.3700E-02  4.1700E-02  4.2414E-06
200608   6.3282E-03  1.3358E-01  6.4910E-02  9.7600E-02  2.2690E-01  4.2537E-06
200609   6.3372E-03  1.3492E-01  1.1027E-01  2.1110E-01  7.6640E-01  4.2976E-06
200610   6.3392E-03  1.3675E-01  1.7402E-01  3.6760E-01  1.4989E+00  4.3566E-06
200611   6.6511E-03  1.3968E-01  2.4433E-01  5.3060E-01  2.2426E+00  4.4494E-06
200612   6.6914E-03  1.4119E-01  2.9406E-01  6.5060E-01  2.7946E+00  4.4977E-06
200701   6.7491E-03  1.4187E-01  3.1155E-01  6.9430E-01  2.9984E+00  4.5200E-06
200702   6.5970E-03  1.4080E-01  2.8796E-01  6.4510E-01  2.7915E+00  4.4878E-06
200703   6.3927E-03  1.3869E-01  2.3235E-01  5.1990E-01  2.2379E+00  4.4221E-06
200704   6.2658E-03  1.3637E-01  1.6127E-01  3.5340E-01  1.4883E+00  4.3493E-06
200705   6.2348E-03  1.3444E-01  9.3790E-02  1.9170E-01  7.5110E-01  4.2876E-06
200706   6.2497E-03  1.3315E-01  4.5940E-02  7.5900E-02  2.2330E-01  4.2466E-06
200707   6.1692E-03  1.3236E-01  2.3880E-02  2.8200E-02  2.1000E-02  4.2226E-06
200708   6.1104E-03  1.3257E-01  3.6580E-02  6.5200E-02  2.1360E-01  4.2316E-06
200709   6.0593E-03  1.3368E-01  7.9130E-02  1.7520E-01  7.4020E-01  4.2687E-06
200710   6.1386E-03  1.3576E-01  1.4430E-01  3.3400E-01  1.4771E+00  4.3361E-06
200711   6.2251E-03  1.3790E-01  2.1237E-01  4.9680E-01  2.2206E+00  4.4045E-06
200712   6.4364E-03  1.4001E-01  2.6691E-01  6.2190E-01  2.7785E+00  4.4710E-06
200801   6.4834E-03  1.4070E-01  2.8719E-01  6.6860E-01  2.9850E+00  4.4924E-06
200802   6.3910E-03  1.3988E-01  2.6682E-01  6.2210E-01  2.7777E+00  4.4662E-06
200803   6.3436E-03  1.3834E-01  2.1529E-01  4.9950E-01  2.2247E+00  4.4176E-06
200804   6.2245E-03  1.3607E-01  1.4561E-01  3.3540E-01  1.4832E+00  4.3457E-06
200805   6.0970E-03  1.3377E-01  7.5100E-02  1.7010E-01  7.4190E-01  4.2732E-06
200806   5.9709E-03  1.3196E-01  2.1730E-02  4.7500E-02  1.9980E-01  4.2169E-06
200807   5.9063E-03  1.3122E-01  0.0000E+00  0.0000E+00  0.0000E+00  4.1944E-06
200808   5.9215E-03  1.3174E-01  1.5460E-02  3.9700E-02  1.9410E-01  4.2117E-06
200809   5.9630E-03  1.3319E-01  6.2970E-02  1.5530E-01  7.2830E-01  4.2587E-06
200810   6.0930E-03  1.3548E-01  1.3164E-01  3.1820E-01  1.4695E+00  4.3316E-06
200811   6.2328E-03  1.3781E-01  2.0160E-01  4.8340E-01  2.2176E+00  4.4056E-06
200812   6.2807E-03  1.3934E-01  2.5219E-01  6.0420E-01  2.7656E+00  4.4543E-06
200901   6.3318E-03  1.4002E-01  2.7169E-01  6.4960E-01  2.9692E+00  4.4760E-06
200902   6.2845E-03  1.3936E-01  2.5296E-01  6.0530E-01  2.7660E+00  4.4548E-06
200903   6.2002E-03  1.3772E-01  2.0303E-01  4.8550E-01  2.2162E+00  4.4022E-06
200904   6.0939E-03  1.3552E-01  1.3569E-01  3.2350E-01  1.4712E+00  4.3315E-06
200905   6.0918E-03  1.3370E-01  7.1330E-02  1.6570E-01  7.4090E-01  4.2728E-06
200906   6.0087E-03  1.3208E-01  2.2020E-02  4.7900E-02  2.0270E-01  4.2210E-06
200907   5.9469E-03  1.3137E-01  2.5700E-03  3.0000E-03  2.8000E-03  4.1987E-06
200908   5.9197E-03  1.3176E-01  1.9230E-02  4.4400E-02  1.9560E-01  4.2112E-06
200909   6.0371E-03  1.3351E-01  7.0940E-02  1.6520E-01  7.3610E-01  4.2666E-06
200910   6.1465E-03  1.3574E-01  1.4272E-01  3.3190E-01  1.4762E+00  4.3367E-06
200911   6.3203E-03  1.3826E-01  2.1917E-01  5.0540E-01  2.2304E+00  4.4146E-06
200912   6.4411E-03  1.4010E-01  2.7810E-01  6.3610E-01  2.7829E+00  4.4707E-06
201001   6.6031E-03  1.4122E-01  3.0799E-01  6.9410E-01  2.9976E+00  4.5037E-06
201002   6.7234E-03  1.4120E-01  2.9890E-01  6.6170E-01  2.8108E+00  4.5006E-06
201003   6.6366E-03  1.3958E-01  2.4985E-01  5.4280E-01  2.2571E+00  4.4477E-06
201004   6.4440E-03  1.3707E-01  1.7966E-01  3.7820E-01  1.5106E+00  4.3680E-06
201005   6.2656E-03  1.3461E-01  1.0905E-01  2.1250E-01  7.6450E-01  4.2899E-06
201006   6.1506E-03  1.3289E-01  5.9740E-02  9.4800E-02  2.2390E-01  4.2347E-06
201007   6.3223E-03  1.3305E-01  4.9710E-02  6.0800E-02  4.2700E-02  4.2377E-06
201008   6.3975E-03  1.3385E-01  7.2430E-02  1.0880E-01  2.4020E-01  4.2614E-06
201009   6.5733E-03  1.3580E-01  1.2701E-01  2.3250E-01  7.8490E-01  4.3226E-06
201010   6.5656E-03  1.3762E-01  1.9374E-01  3.9270E-01  1.5150E+00  4.3802E-06
201011   6.6593E-03  1.3981E-01  2.6354E-01  5.5810E-01  2.2641E+00  4.4495E-06
201012   6.7216E-03  1.4140E-01  3.1625E-01  6.8070E-01  2.8105E+00  4.4995E-06
201101   6.6948E-03  1.4187E-01  3.4112E-01  7.3270E-01  3.0121E+00  4.5119E-06
201102   6.8179E-03  1.4191E-01  3.3711E-01  7.0550E-01  2.8199E+00  4.5087E-06
201103   7.1948E-03  1.4196E-01  3.0937E-01  6.1140E-01  2.2986E+00  4.5047E-06
201104   7.3624E-03  1.4082E-01  2.5933E-01  4.7200E-01  1.5871E+00  4.4639E-06
201105   6.9198E-03  1.3753E-01  1.8931E-01  3.0880E-01  8.3190E-01  4.3574E-06
201106   6.8832E-03  1.3613E-01  1.4201E-01  1.9280E-01  2.9430E-01  4.3113E-06
201107   6.7503E-03  1.3525E-01  1.2594E-01  1.5060E-01  8.8700E-02  4.2808E-06
201108   6.8903E-03  1.3636E-01  1.5775E-01  2.0740E-01  2.8680E-01  4.3105E-06
201109   7.4682E-03  1.3986E-01  2.3671E-01  3.5830E-01  8.5460E-01  4.4139E-06
201110   7.8681E-03  1.4325E-01  3.3231E-01  5.5340E-01  1.6217E+00  4.5143E-06
201111   8.3498E-03  1.4682E-01  4.2321E-01  7.4450E-01  2.3992E+00  4.6240E-06
201112   8.2336E-03  1.4781E-01  4.7170E-01  8.6550E-01  2.9460E+00  4.6558E-06
201201   7.9518E-03  1.4722E-01  4.7307E-01  8.9050E-01  3.1248E+00  4.6421E-06
201202   7.4254E-03  1.4479E-01  4.3056E-01  8.1910E-01  2.8934E+00  4.5704E-06
201203   7.3796E-03  1.4317E-01  3.6877E-01  6.8350E-01  2.3326E+00  4.5223E-06
201204   7.3383E-03  1.4117E-01  2.9770E-01  5.1590E-01  1.5934E+00  4.4590E-06
201205   7.4223E-03  1.3965E-01  2.3220E-01  3.5420E-01  8.5450E-01  4.4095E-06
201206   7.3126E-03  1.3796E-01  1.8478E-01  2.3900E-01  3.2220E-01  4.3547E-06
201207   7.3427E-03  1.3754E-01  1.6844E-01  1.9720E-01  1.1550E-01  4.3416E-06
201208   7.3230E-03  1.3800E-01  1.9183E-01  2.5050E-01  3.3280E-01  4.3555E-06
201209   7.5565E-03  1.4016E-01  2.4815E-01  3.7830E-01  8.8560E-01  4.4236E-06
201210   7.5743E-03  1.4204E-01  3.1457E-01  5.3810E-01  1.6109E+00  4.4838E-06
201211   7.6038E-03  1.4401E-01  3.8155E-01  7.0020E-01  2.3537E+00  4.5464E-06
201212   7.4556E-03  1.4490E-01  4.2583E-01  8.1390E-01  2.8920E+00  4.5749E-06
