197501   6.2425E-03  1.4140E-01  2.8540E-01  6.6660E-01  2.9810E+00  4.4643E-06
197502   6.1188E-03  1.4038E-01  2.6397E-01  6.1950E-01  2.7751E+00  4.4295E-06
197503   6.0145E-03  1.3861E-01  2.1117E-01  4.9660E-01  2.2256E+00  4.3728E-06
197504   5.9303E-03  1.3646E-01  1.4079E-01  3.3090E-01  1.4819E+00  4.3052E-06
197505   5.8088E-03  1.3417E-01  6.9850E-02  1.6500E-01  7.3970E-01  4.2322E-06
197506   5.6667E-03  1.3227E-01  1.6910E-02  4.2900E-02  1.9690E-01  4.1704E-06
197507   5.7426E-03  1.3214E-01  0.0000E+00  0.0000E+00  0.0000E+00  4.1692E-06
197508   5.9153E-03  1.3339E-01  2.0580E-02  4.3300E-02  1.8920E-01  4.2125E-06
197509   5.9546E-03  1.3480E-01  7.3150E-02  1.6860E-01  7.4720E-01  4.2559E-06
197510   6.1061E-03  1.3722E-01  1.4460E-01  3.3440E-01  1.4884E+00  4.3340E-06
197511   6.3105E-03  1.3990E-01  2.1754E-01  5.0230E-01  2.2348E+00  4.4213E-06
197512   6.2717E-03  1.4104E-01  2.6787E-01  6.2380E-01  2.7852E+00  4.4541E-06
197601   6.3095E-03  1.4169E-01  2.8695E-01  6.6840E-01  2.9848E+00  4.4751E-06
197602   6.2058E-03  1.4075E-01  2.6623E-01  6.2230E-01  2.7818E+00  4.4435E-06
197603   6.2104E-03  1.3948E-01  2.1481E-01  4.9870E-01  2.2260E+00  4.4054E-06
197604   6.1735E-03  1.3753E-01  1.4534E-01  3.3390E-01  1.4839E+00  4.3456E-06
197605   6.0239E-03  1.3510E-01  7.4810E-02  1.7030E-01  7.5110E-01  4.2671E-06
197606   5.9191E-03  1.3336E-01  2.2900E-02  4.9400E-02  2.1150E-01  4.2113E-06
197607   5.8016E-03  1.3238E-01  2.3500E-03  4.0000E-03  1.3000E-02  4.1780E-06
197608   5.9871E-03  1.3366E-01  2.3890E-02  4.9400E-02  2.0890E-01  4.2229E-06
197609   6.0628E-03  1.3527E-01  7.5460E-02  1.7040E-01  7.4990E-01  4.2737E-06
197610   6.2196E-03  1.3772E-01  1.4710E-01  3.3700E-01  1.4928E+00  4.3525E-06
197611   6.1763E-03  1.3931E-01  2.1488E-01  5.0030E-01  2.2332E+00  4.3991E-06
197612   6.2791E-03  1.4108E-01  2.6758E-01  6.2280E-01  2.7809E+00  4.4557E-06
197701   6.3471E-03  1.4185E-01  2.8800E-01  6.6970E-01  2.9883E+00  4.4810E-06
197702   6.5229E-03  1.4213E-01  2.7335E-01  6.2910E-01  2.7946E+00  4.4952E-06
197703   6.2009E-03  1.3941E-01  2.1574E-01  5.0150E-01  2.2363E+00  4.4029E-06
197704   6.2309E-03  1.3776E-01  1.4755E-01  3.3760E-01  1.4950E+00  4.3542E-06
197705   6.2362E-03  1.3601E-01  7.9720E-02  1.7560E-01  7.6210E-01  4.3016E-06
197706   6.3062E-03  1.3506E-01  3.0480E-02  5.4900E-02  2.1700E-01  4.2753E-06
197707   6.1209E-03  1.3376E-01  9.5200E-03  1.1000E-02  2.6600E-02  4.2300E-06
197708   6.2803E-03  1.3492E-01  3.1000E-02  5.7500E-02  2.2740E-01  4.2702E-06
197709   6.4602E-03  1.3702E-01  8.2920E-02  1.7530E-01  7.5300E-01  4.3396E-06
197710   6.6730E-03  1.3969E-01  1.5671E-01  3.4540E-01  1.5065E+00  4.4268E-06
197711   6.9657E-03  1.4272E-01  2.3311E-01  5.1920E-01  2.2718E+00  4.5273E-06
197712   7.2415E-03  1.4525E-01  2.8914E-01  6.4400E-01  2.8224E+00  4.6126E-06
197801   7.2182E-03  1.4562E-01  3.0755E-01  6.8890E-01  3.0253E+00  4.6231E-06
197802   7.5744E-03  1.4675E-01  2.9339E-01  6.4250E-01  2.8045E+00  4.6695E-06
197803   7.3526E-03  1.4444E-01  2.3966E-01  5.2200E-01  2.2675E+00  4.5922E-06
197804   7.4283E-03  1.4300E-01  1.7210E-01  3.5800E-01  1.5237E+00  4.5513E-06
197805   7.4006E-03  1.4110E-01  1.0388E-01  1.9580E-01  7.9230E-01  4.4930E-06
197806   7.3922E-03  1.3976E-01  5.4950E-02  7.9400E-02  2.6500E-01  4.4523E-06
197807   7.1917E-03  1.3841E-01  3.2730E-02  3.2900E-02  6.5600E-02  4.4051E-06
197808   7.1305E-03  1.3860E-01  5.0590E-02  7.7600E-02  2.6860E-01  4.4084E-06
197809   7.7323E-03  1.4257E-01  1.0989E-01  1.9930E-01  7.9210E-01  4.5483E-06
197810   7.8834E-03  1.4495E-01  1.8325E-01  3.7060E-01  1.5532E+00  4.6247E-06
197811   7.8297E-03  1.4651E-01  2.5019E-01  5.3210E-01  2.2869E+00  4.6701E-06
197812   8.0885E-03  1.4902E-01  3.0299E-01  6.4880E-01  2.8079E+00  4.7548E-06
197901   8.7583E-03  1.5239E-01  3.3756E-01  7.1080E-01  3.0471E+00  4.8778E-06
197902   8.9178E-03  1.5257E-01  3.2393E-01  6.7350E-01  2.8666E+00  4.8883E-06
197903   8.9208E-03  1.5121E-01  2.7574E-01  5.5910E-01  2.3439E+00  4.8471E-06
197904   8.3291E-03  1.4690E-01  1.9226E-01  3.7770E-01  1.5617E+00  4.6982E-06
197905   8.1930E-03  1.4453E-01  1.2180E-01  2.1400E-01  8.2860E-01  4.6221E-06
197906   8.0993E-03  1.4291E-01  6.6670E-02  8.4100E-02  2.5500E-01  4.5709E-06
197907   8.0442E-03  1.4214E-01  5.0340E-02  4.7500E-02  8.6900E-02  4.5454E-06
197908   8.0837E-03  1.4279E-01  6.8690E-02  8.9900E-02  2.7720E-01  4.5664E-06
197909   8.4620E-03  1.4573E-01  1.2593E-01  2.1480E-01  8.2120E-01  4.6675E-06
197910   8.7971E-03  1.4897E-01  2.0086E-01  3.8310E-01  1.5639E+00  4.7760E-06
197911   9.0739E-03  1.5199E-01  2.7390E-01  5.4840E-01  2.2986E+00  4.8764E-06
197912   8.9218E-03  1.5256E-01  3.2514E-01  6.7700E-01  2.8791E+00  4.8878E-06
198001   8.9991E-03  1.5338E-01  3.4521E-01  7.2230E-01  3.0800E+00  4.9153E-06
198002   8.7773E-03  1.5196E-01  3.2081E-01  6.7050E-01  2.8608E+00  4.8652E-06
198003   8.5498E-03  1.4960E-01  2.6796E-01  5.5270E-01  2.3343E+00  4.7862E-06
198004   8.5257E-03  1.4781E-01  1.9387E-01  3.7440E-01  1.5424E+00  4.7326E-06
198005   8.7362E-03  1.4696E-01  1.3025E-01  2.1570E-01  8.1450E-01  4.7137E-06
198006   8.2974E-03  1.4370E-01  7.4180E-02  9.6400E-02  2.9330E-01  4.6007E-06
198007   8.2328E-03  1.4296E-01  5.4320E-02  5.1100E-02  9.2600E-02  4.5763E-06
198008   8.0206E-03  1.4249E-01  6.8510E-02  9.2000E-02  2.8730E-01  4.5552E-06
198009   8.2748E-03  1.4490E-01  1.2254E-01  2.1280E-01  8.2070E-01  4.6364E-06
198010   8.6127E-03  1.4816E-01  1.9721E-01  3.8020E-01  1.5603E+00  4.7456E-06
198011   8.6978E-03  1.5037E-01  2.6492E-01  5.3840E-01  2.2771E+00  4.8155E-06
198012   9.2462E-03  1.5398E-01  3.3176E-01  6.8230E-01  2.8858E+00  4.9413E-06
198101   8.7336E-03  1.5219E-01  3.4138E-01  7.2200E-01  3.0894E+00  4.8703E-06
198102   8.7235E-03  1.5173E-01  3.1926E-01  6.6840E-01  2.8555E+00  4.8567E-06
198103   8.8821E-03  1.5110E-01  2.7239E-01  5.5170E-01  2.3181E+00  4.8429E-06
198104   9.0510E-03  1.5003E-01  2.0850E-01  3.9400E-01  1.5944E+00  4.8158E-06
198105   8.5950E-03  1.4630E-01  1.2943E-01  2.1910E-01  8.3130E-01  4.6889E-06
198106   7.8994E-03  1.4197E-01  6.5540E-02  8.8500E-02  2.7940E-01  4.5356E-06
198107   8.0177E-03  1.4212E-01  4.5060E-02  3.4200E-02  3.9000E-02  4.5449E-06
198108   8.5368E-03  1.4472E-01  8.0480E-02  1.0450E-01  3.1370E-01  4.6391E-06
198109   8.9500E-03  1.4786E-01  1.3617E-01  2.2360E-01  8.3530E-01  4.7476E-06
198110   8.9433E-03  1.4963E-01  2.0264E-01  3.8210E-01  1.5548E+00  4.8010E-06
198111   8.9461E-03  1.5137E-01  2.7387E-01  5.5320E-01  2.3207E+00  4.8532E-06
198112   9.0962E-03  1.5335E-01  3.2710E-01  6.7530E-01  2.8662E+00  4.9180E-06
198201   8.6912E-03  1.5202E-01  3.3939E-01  7.1840E-01  3.0776E+00  4.8642E-06
198202   8.7570E-03  1.5197E-01  3.1550E-01  6.5700E-01  2.8124E+00  4.8659E-06
198203   8.7171E-03  1.5048E-01  2.6382E-01  5.3460E-01  2.2622E+00  4.8199E-06
198204   8.1372E-03  1.4608E-01  1.8766E-01  3.7270E-01  1.5511E+00  4.6672E-06
198205   7.7226E-03  1.4250E-01  1.1096E-01  2.0280E-01  8.0540E-01  4.5456E-06
198206   7.6148E-03  1.4085E-01  5.3910E-02  6.7900E-02  2.1490E-01  4.4935E-06
198207   7.6044E-03  1.4026E-01  3.9190E-02  3.4500E-02  5.5100E-02  4.4747E-06
198208   7.7666E-03  1.4144E-01  6.0620E-02  8.0400E-02  2.5480E-01  4.5155E-06
198209   8.0666E-03  1.4400E-01  1.1804E-01  2.0860E-01  8.1330E-01  4.6023E-06
198210   8.1810E-03  1.4625E-01  1.8947E-01  3.7590E-01  1.5612E+00  4.6736E-06
198211   8.1286E-03  1.4782E-01  2.5623E-01  5.3680E-01  2.2926E+00  4.7193E-06
198212   8.5189E-03  1.5087E-01  3.1318E-01  6.5990E-01  2.8317E+00  4.8247E-06
198301   7.9618E-03  1.4887E-01  3.2265E-01  7.0150E-01  3.0432E+00  4.7455E-06
198302   7.5231E-03  1.4648E-01  2.9467E-01  6.4810E-01  2.8263E+00  4.6592E-06
198303   7.3680E-03  1.4449E-01  2.4077E-01  5.2470E-01  2.2765E+00  4.5940E-06
198304   7.2950E-03  1.4239E-01  1.7040E-01  3.5840E-01  1.5310E+00  4.5284E-06
198305   7.3428E-03  1.4086E-01  1.0195E-01  1.9280E-01  7.8350E-01  4.4842E-06
198306   7.3525E-03  1.3962E-01  5.2370E-02  7.4100E-02  2.4740E-01  4.4472E-06
198307   7.1455E-03  1.3822E-01  3.1460E-02  3.1000E-02  6.0400E-02  4.3978E-06
198308   7.2376E-03  1.3908E-01  5.2170E-02  7.8000E-02  2.6580E-01  4.4265E-06
198309   6.9712E-03  1.3920E-01  9.5840E-02  1.9080E-01  7.8970E-01  4.4218E-06
198310   7.0060E-03  1.4114E-01  1.6383E-01  3.5180E-01  1.5179E+00  4.4815E-06
198311   6.8266E-03  1.4212E-01  2.3002E-01  5.1620E-01  2.2667E+00  4.5046E-06
198312   6.8832E-03  1.4368E-01  2.8151E-01  6.3760E-01  2.8121E+00  4.5537E-06
198401   6.9627E-03  1.4461E-01  2.9734E-01  6.7130E-01  2.9710E+00  4.5850E-06
198402   7.3626E-03  1.4586E-01  2.8772E-01  6.3580E-01  2.7873E+00  4.6356E-06
198403   7.3262E-03  1.4431E-01  2.3963E-01  5.2300E-01  2.2724E+00  4.5874E-06
198404   7.1229E-03  1.4173E-01  1.6282E-01  3.4440E-01  1.4859E+00  4.5035E-06
198405   7.0048E-03  1.3942E-01  9.3510E-02  1.8300E-01  7.6040E-01  4.4298E-06
198406   6.7314E-03  1.3689E-01  4.0630E-02  6.6300E-02  2.4200E-01  4.3441E-06
198407   6.5411E-03  1.3558E-01  1.9040E-02  2.0800E-02  4.6200E-02  4.2983E-06
198408   6.3553E-03  1.3524E-01  3.2840E-02  5.9600E-02  2.3230E-01  4.2823E-06
198409   6.2680E-03  1.3615E-01  8.0550E-02  1.7620E-01  7.6350E-01  4.3068E-06
198410   6.2100E-03  1.3767E-01  1.4725E-01  3.3760E-01  1.4955E+00  4.3506E-06
198411   6.2746E-03  1.3974E-01  2.1673E-01  5.0170E-01  2.2338E+00  4.4154E-06
198412   6.3497E-03  1.4137E-01  2.6955E-01  6.2550E-01  2.7884E+00  4.4668E-06
198501   6.2660E-03  1.4150E-01  2.8586E-01  6.6720E-01  2.9821E+00  4.4681E-06
198502   6.2728E-03  1.4104E-01  2.6775E-01  6.2370E-01  2.7844E+00  4.4544E-06
198503   6.1685E-03  1.3928E-01  2.1472E-01  4.9990E-01  2.2319E+00  4.3978E-06
198504   6.0559E-03  1.3702E-01  1.4275E-01  3.3150E-01  1.4790E+00  4.3263E-06
198505   6.0748E-03  1.3533E-01  7.5290E-02  1.6960E-01  7.4640E-01  4.2760E-06
198506   5.9985E-03  1.3371E-01  2.4400E-02  5.0500E-02  2.1220E-01  4.2245E-06
198507   5.9809E-03  1.3317E-01  5.6000E-03  6.0000E-03  1.3400E-02  4.2077E-06
198508   5.9807E-03  1.3362E-01  2.4500E-02  5.1400E-02  2.1600E-01  4.2212E-06
198509   5.9238E-03  1.3466E-01  7.2590E-02  1.6820E-01  7.4720E-01  4.2508E-06
198510   6.0438E-03  1.3696E-01  1.4290E-01  3.3220E-01  1.4822E+00  4.3241E-06
198511   6.1373E-03  1.3914E-01  2.1395E-01  4.9930E-01  2.2306E+00  4.3928E-06
198512   6.2394E-03  1.4090E-01  2.6694E-01  6.2300E-01  2.7830E+00  4.4489E-06
198601   6.2291E-03  1.4133E-01  2.8543E-01  6.6720E-01  2.9836E+00  4.4618E-06
198602   6.3403E-03  1.4136E-01  2.6823E-01  6.2220E-01  2.7767E+00  4.4662E-06
198603   6.2390E-03  1.3959E-01  2.1618E-01  5.0140E-01  2.2349E+00  4.4094E-06
198604   6.1071E-03  1.3723E-01  1.4453E-01  3.3420E-01  1.4870E+00  4.3342E-06
198605   6.0085E-03  1.3503E-01  7.4610E-02  1.7020E-01  7.5170E-01  4.2645E-06
198606   5.8293E-03  1.3297E-01  2.1000E-02  4.7900E-02  2.0890E-01  4.1966E-06
198607   5.8412E-03  1.3255E-01  3.0700E-03  4.5000E-03  1.2800E-02  4.1845E-06
198608   5.8097E-03  1.3289E-01  2.0250E-02  4.6700E-02  2.0530E-01  4.1936E-06
198609   5.8396E-03  1.3430E-01  7.0640E-02  1.6610E-01  7.4270E-01  4.2371E-06
198610   6.1486E-03  1.3742E-01  1.4513E-01  3.3440E-01  1.4862E+00  4.3412E-06
198611   6.2403E-03  1.3959E-01  2.1637E-01  5.0190E-01  2.2365E+00  4.4095E-06
198612   6.1899E-03  1.4068E-01  2.6601E-01  6.2190E-01  2.7813E+00  4.4408E-06
198701   6.2135E-03  1.4127E-01  2.8511E-01  6.6690E-01  2.9833E+00  4.4592E-06
198702   6.1646E-03  1.4057E-01  2.6543E-01  6.2130E-01  2.7806E+00  4.4366E-06
198703   6.1492E-03  1.3919E-01  2.1427E-01  4.9980E-01  2.2322E+00  4.3947E-06
198704   6.2280E-03  1.3777E-01  1.4653E-01  3.3490E-01  1.4856E+00  4.3544E-06
198705   6.2398E-03  1.3604E-01  7.9060E-02  1.7340E-01  7.5450E-01  4.3028E-06
198706   6.1215E-03  1.3423E-01  2.7660E-02  5.4600E-02  2.2260E-01  4.2442E-06
198707   6.1768E-03  1.3401E-01  1.0630E-02  1.2100E-02  2.8100E-02  4.2392E-06
198708   6.2314E-03  1.3472E-01  2.9350E-02  5.4800E-02  2.1920E-01  4.2627E-06
198709   6.2661E-03  1.3615E-01  8.0240E-02  1.7560E-01  7.6110E-01  4.3067E-06
198710   6.5090E-03  1.3898E-01  1.5326E-01  3.4210E-01  1.5012E+00  4.4000E-06
198711   6.7580E-03  1.4184E-01  2.2787E-01  5.1280E-01  2.2565E+00  4.4941E-06
198712   6.7364E-03  1.4304E-01  2.7863E-01  6.3530E-01  2.8093E+00  4.5296E-06
198801   6.9847E-03  1.4461E-01  3.0213E-01  6.8330E-01  3.0137E+00  4.5851E-06
198802   7.0189E-03  1.4428E-01  2.8449E-01  6.4000E-01  2.8158E+00  4.5761E-06
198803   6.9788E-03  1.4281E-01  2.3177E-01  5.1490E-01  2.2558E+00  4.5309E-06
198804   7.1034E-03  1.4157E-01  1.6574E-01  3.5330E-01  1.5187E+00  4.4975E-06
198805   6.9868E-03  1.3927E-01  9.6620E-02  1.9210E-01  7.9430E-01  4.4240E-06
198806   7.1731E-03  1.3885E-01  4.8380E-02  7.0100E-02  2.3930E-01  4.4180E-06
198807   7.2233E-03  1.3862E-01  2.9940E-02  2.4000E-02  3.1800E-02  4.4132E-06
198808   7.3613E-03  1.3966E-01  5.2720E-02  7.4600E-02  2.4880E-01  4.4485E-06
198809   7.4787E-03  1.4142E-01  1.0628E-01  1.9920E-01  8.0180E-01  4.5053E-06
198810   7.6655E-03  1.4405E-01  1.7643E-01  3.6030E-01  1.5238E+00  4.5908E-06
198811   7.8745E-03  1.4671E-01  2.5097E-01  5.3250E-01  2.2866E+00  4.6775E-06
198812   8.3620E-03  1.5018E-01  3.1058E-01  6.5900E-01  2.8339E+00  4.7983E-06
198901   8.9115E-03  1.5304E-01  3.4148E-01  7.1550E-01  3.0582E+00  4.9024E-06
198902   8.9120E-03  1.5255E-01  3.2317E-01  6.7180E-01  2.8601E+00  4.8877E-06
198903   8.5160E-03  1.4953E-01  2.6322E-01  5.4090E-01  2.2932E+00  4.7838E-06
198904   8.3295E-03  1.4691E-01  1.9207E-01  3.7730E-01  1.5607E+00  4.6984E-06
198905   8.3650E-03  1.4528E-01  1.2544E-01  2.1700E-01  8.3330E-01  4.6503E-06
198906   8.7696E-03  1.4584E-01  8.0190E-02  9.4700E-02  2.6880E-01  4.6814E-06
198907   8.3237E-03  1.4331E-01  5.8500E-02  5.8900E-02  1.1750E-01  4.5895E-06
198908   8.4942E-03  1.4461E-01  7.6240E-02  9.4500E-02  2.7870E-01  4.6348E-06
198909   8.5415E-03  1.4613E-01  1.2532E-01  2.1000E-01  8.0070E-01  4.6825E-06
198910   8.7537E-03  1.4873E-01  2.0242E-01  3.8900E-01  1.5872E+00  4.7669E-06
198911   9.1330E-03  1.5219E-01  2.7781E-01  5.5660E-01  2.3267E+00  4.8839E-06
198912   9.1039E-03  1.5336E-01  3.2861E-01  6.7920E-01  2.8801E+00  4.9181E-06
199001   8.9941E-03  1.5335E-01  3.4534E-01  7.2290E-01  3.0823E+00  4.9142E-06
199002   8.5059E-03  1.5076E-01  3.1575E-01  6.6750E-01  2.8602E+00  4.8202E-06
199003   8.4045E-03  1.4900E-01  2.6298E-01  5.4450E-01  2.3105E+00  4.7638E-06
199004   8.4192E-03  1.4726E-01  1.9562E-01  3.8340E-01  1.5794E+00  4.7118E-06
199005   8.1297E-03  1.4427E-01  1.1941E-01  2.0990E-01  8.1600E-01  4.6125E-06
199006   7.9651E-03  1.4224E-01  6.7990E-02  9.2900E-02  2.9260E-01  4.5455E-06
199007   8.0158E-03  1.4204E-01  4.8780E-02  4.4500E-02  7.6700E-02  4.5415E-06
199008   8.3272E-03  1.4391E-01  7.0920E-02  8.6700E-02  2.5590E-01  4.6088E-06
199009   8.2893E-03  1.4494E-01  1.2413E-01  2.1650E-01  8.3450E-01  4.6376E-06
199010   8.3488E-03  1.4699E-01  1.9260E-01  3.7810E-01  1.5623E+00  4.7014E-06
199011   7.9758E-03  1.4722E-01  2.4962E-01  5.2490E-01  2.2547E+00  4.6971E-06
199012   8.3628E-03  1.5016E-01  3.1137E-01  6.6120E-01  2.8426E+00  4.7977E-06
199101   8.6924E-03  1.5214E-01  3.3404E-01  7.0380E-01  3.0235E+00  4.8688E-06
199102   8.9794E-03  1.5289E-01  3.2257E-01  6.6740E-01  2.8419E+00  4.9005E-06
199103   8.6349E-03  1.5005E-01  2.6568E-01  5.4260E-01  2.2949E+00  4.8035E-06
199104   8.6509E-03  1.4826E-01  2.0125E-01  3.8970E-01  1.5934E+00  4.7492E-06
199105   8.1885E-03  1.4455E-01  1.1977E-01  2.0880E-01  8.0930E-01  4.6229E-06
199106   8.2653E-03  1.4361E-01  7.1510E-02  9.0500E-02  2.7230E-01  4.5971E-06
199107   8.4621E-03  1.4398E-01  5.8430E-02  5.3400E-02  9.2600E-02  4.6146E-06
199108   8.5512E-03  1.4484E-01  7.8150E-02  9.7600E-02  2.8740E-01  4.6436E-06
199109   8.3577E-03  1.4523E-01  1.2602E-01  2.1890E-01  8.4030E-01  4.6485E-06
199110   8.4051E-03  1.4730E-01  1.9063E-01  3.7040E-01  1.5317E+00  4.7134E-06
199111   8.2590E-03  1.4836E-01  2.6014E-01  5.4250E-01  2.3082E+00  4.7398E-06
199112   8.4871E-03  1.5077E-01  3.1074E-01  6.5460E-01  2.8130E+00  4.8208E-06
199201   8.8335E-03  1.5270E-01  3.3987E-01  7.1420E-01  3.0566E+00  4.8896E-06
199202   8.9652E-03  1.5281E-01  3.2299E-01  6.6920E-01  2.8487E+00  4.8976E-06
199203   8.3291E-03  1.4866E-01  2.6225E-01  5.4550E-01  2.3170E+00  4.7508E-06
199204   7.9865E-03  1.4539E-01  1.8575E-01  3.7330E-01  1.5591E+00  4.6414E-06
199205   7.2865E-03  1.4057E-01  1.0287E-01  1.9780E-01  8.0370E-01  4.4731E-06
199206   7.0111E-03  1.3809E-01  4.7160E-02  7.3100E-02  2.5640E-01  4.3895E-06
199207   7.0697E-03  1.3792E-01  2.8610E-02  2.6100E-02  4.5700E-02  4.3865E-06
199208   6.9663E-03  1.3793E-01  4.4610E-02  6.7900E-02  2.3920E-01  4.3834E-06
199209   6.9606E-03  1.3917E-01  9.5160E-02  1.8930E-01  7.8510E-01  4.4203E-06
199210   7.1870E-03  1.4196E-01  1.6631E-01  3.5160E-01  1.5098E+00  4.5123E-06
199211   7.5576E-03  1.4534E-01  2.4377E-01  5.2520E-01  2.2711E+00  4.6260E-06
199212   7.5890E-03  1.4676E-01  2.9626E-01  6.5010E-01  2.8311E+00  4.6697E-06
199301   7.3918E-03  1.4637E-01  3.1141E-01  6.9290E-01  3.0332E+00  4.6514E-06
199302   7.4532E-03  1.4622E-01  2.9116E-01  6.4120E-01  2.8041E+00  4.6494E-06
199303   7.4272E-03  1.4475E-01  2.4182E-01  5.2500E-01  2.2755E+00  4.6040E-06
199304   7.1161E-03  1.4161E-01  1.6668E-01  3.5550E-01  1.5264E+00  4.4991E-06
199305   6.8771E-03  1.3880E-01  9.3510E-02  1.8800E-01  7.8320E-01  4.4066E-06
199306   6.8018E-03  1.3719E-01  4.2260E-02  6.7800E-02  2.4510E-01  4.3556E-06
199307   6.6582E-03  1.3610E-01  2.1120E-02  2.1800E-02  4.5400E-02  4.3179E-06
199308   6.5288E-03  1.3600E-01  3.6540E-02  6.3000E-02  2.3780E-01  4.3107E-06
199309   6.3443E-03  1.3649E-01  8.1870E-02  1.7720E-01  7.6390E-01  4.3194E-06
199310   6.5528E-03  1.3919E-01  1.5318E-01  3.4060E-01  1.4934E+00  4.4079E-06
199311   6.6492E-03  1.4139E-01  2.2431E-01  5.0740E-01  2.2408E+00  4.4772E-06
199312   6.8452E-03  1.4354E-01  2.7983E-01  6.3420E-01  2.8011E+00  4.5483E-06
199401   7.0155E-03  1.4479E-01  3.0050E-01  6.7780E-01  2.9923E+00  4.5920E-06
199402   6.8684E-03  1.4363E-01  2.8077E-01  6.3600E-01  2.8070E+00  4.5517E-06
199403   6.6945E-03  1.4155E-01  2.2693E-01  5.1280E-01  2.2594E+00  4.4833E-06
199404   6.3374E-03  1.3822E-01  1.5009E-01  3.4050E-01  1.5018E+00  4.3714E-06
199405   6.2025E-03  1.3588E-01  7.8600E-02  1.7360E-01  7.5640E-01  4.2964E-06
199406   6.0755E-03  1.3404E-01  2.6290E-02  5.2600E-02  2.1750E-01  4.2369E-06
199407   6.0998E-03  1.3368E-01  8.5300E-03  9.5000E-03  2.1100E-02  4.2270E-06
199408   6.0813E-03  1.3406E-01  2.6490E-02  5.3000E-02  2.1780E-01  4.2379E-06
199409   6.1284E-03  1.3557E-01  7.6310E-02  1.7040E-01  7.4780E-01  4.2847E-06
199410   6.3444E-03  1.3827E-01  1.4926E-01  3.3780E-01  1.4913E+00  4.3734E-06
199411   6.4246E-03  1.4038E-01  2.2050E-01  5.0590E-01  2.2447E+00  4.4395E-06
199412   6.4601E-03  1.4187E-01  2.7131E-01  6.2590E-01  2.7856E+00  4.4855E-06
199501   6.5316E-03  1.4265E-01  2.9221E-01  6.7360E-01  2.9959E+00  4.5111E-06
199502   6.5295E-03  1.4216E-01  2.7325E-01  6.2870E-01  2.7930E+00  4.4964E-06
199503   6.4414E-03  1.4047E-01  2.2029E-01  5.0490E-01  2.2396E+00  4.4427E-06
199504   6.1739E-03  1.3753E-01  1.4590E-01  3.3530E-01  1.4888E+00  4.3452E-06
199505   6.0367E-03  1.3516E-01  7.4850E-02  1.6980E-01  7.4850E-01  4.2695E-06
199506   6.0154E-03  1.3378E-01  2.4930E-02  5.1300E-02  2.1440E-01  4.2271E-06
199507   5.9513E-03  1.3303E-01  5.4700E-03  6.7000E-03  1.6800E-02  4.2026E-06
199508   5.9509E-03  1.3350E-01  2.3630E-02  5.0300E-02  2.1330E-01  4.2165E-06
199509   5.9774E-03  1.3490E-01  7.3770E-02  1.6940E-01  7.4950E-01  4.2595E-06
199510   6.1141E-03  1.3727E-01  1.4442E-01  3.3380E-01  1.4851E+00  4.3356E-06
199511   6.1697E-03  1.3928E-01  2.1478E-01  5.0020E-01  2.2328E+00  4.3979E-06
199512   6.1735E-03  1.4061E-01  2.6551E-01  6.2130E-01  2.7796E+00  4.4382E-06
199601   6.2522E-03  1.4144E-01  2.8583E-01  6.6750E-01  2.9837E+00  4.4656E-06
199602   6.1246E-03  1.4040E-01  2.6440E-01  6.2040E-01  2.7782E+00  4.4302E-06
199603   6.0365E-03  1.3871E-01  2.1171E-01  4.9690E-01  2.2262E+00  4.3764E-06
199604   5.9324E-03  1.3647E-01  1.4083E-01  3.3100E-01  1.4819E+00  4.3055E-06
199605   5.9038E-03  1.3458E-01  7.2040E-02  1.6750E-01  7.4540E-01  4.2475E-06
199606   5.8480E-03  1.3305E-01  2.1210E-02  4.7600E-02  2.0760E-01  4.1998E-06
199607   5.8450E-03  1.3257E-01  2.9400E-03  4.2000E-03  1.1500E-02  4.1853E-06
199608   5.9188E-03  1.3336E-01  2.2660E-02  4.8900E-02  2.0960E-01  4.2115E-06
199609   5.9320E-03  1.3470E-01  7.2870E-02  1.6850E-01  7.4790E-01  4.2520E-06
199610   5.9596E-03  1.3659E-01  1.4147E-01  3.3170E-01  1.4837E+00  4.3099E-06
199611   6.1326E-03  1.3914E-01  2.1316E-01  4.9710E-01  2.2232E+00  4.3927E-06
199612   6.2850E-03  1.4109E-01  2.6803E-01  6.2400E-01  2.7851E+00  4.4563E-06
199701   6.2428E-03  1.4139E-01  2.8587E-01  6.6770E-01  2.9850E+00  4.4639E-06
199702   6.1952E-03  1.4070E-01  2.6612E-01  6.2220E-01  2.7822E+00  4.4416E-06
199703   6.1708E-03  1.3929E-01  2.1497E-01  5.0060E-01  2.2344E+00  4.3981E-06
199704   6.0901E-03  1.3715E-01  1.4441E-01  3.3460E-01  1.4891E+00  4.3312E-06
199705   6.0673E-03  1.3529E-01  7.5710E-02  1.7120E-01  7.5270E-01  4.2742E-06
199706   5.9531E-03  1.3350E-01  2.3710E-02  5.0500E-02  2.1410E-01  4.2167E-06
199707   5.9046E-03  1.3282E-01  4.7200E-03  6.4000E-03  1.7600E-02  4.1947E-06
199708   6.0707E-03  1.3402E-01  2.6370E-02  5.3000E-02  2.1830E-01  4.2360E-06
199709   6.3624E-03  1.3660E-01  8.0860E-02  1.7350E-01  7.4990E-01  4.3236E-06
199710   6.4168E-03  1.3856E-01  1.5205E-01  3.4260E-01  1.5061E+00  4.3842E-06
199711   6.6417E-03  1.4134E-01  2.2467E-01  5.0880E-01  2.2463E+00  4.4755E-06
199712   6.7773E-03  1.4324E-01  2.7833E-01  6.3290E-01  2.7992E+00  4.5371E-06
199801   6.7823E-03  1.4373E-01  2.9785E-01  6.7940E-01  3.0071E+00  4.5519E-06
199802   6.7000E-03  1.4290E-01  2.7717E-01  6.3270E-01  2.8010E+00  4.5242E-06
199803   6.7695E-03  1.4191E-01  2.2696E-01  5.0990E-01  2.2460E+00  4.4969E-06
199804   6.8566E-03  1.4048E-01  1.6129E-01  3.5060E-01  1.5192E+00  4.4565E-06
199805   6.6895E-03  1.3799E-01  8.9060E-02  1.8330E-01  7.7350E-01  4.3761E-06
199806   6.7047E-03  1.3677E-01  3.9920E-02  6.5300E-02  2.3920E-01  4.3399E-06
199807   6.9360E-03  1.3730E-01  2.7290E-02  2.7800E-02  5.6800E-02  4.3633E-06
199808   7.0964E-03  1.3850E-01  4.7380E-02  7.0300E-02  2.4340E-01  4.4048E-06
199809   7.2192E-03  1.4032E-01  9.9430E-02  1.9080E-01  7.8110E-01  4.4638E-06
199810   7.1458E-03  1.4172E-01  1.6830E-01  3.5870E-01  1.5373E+00  4.5032E-06
199811   7.4616E-03  1.4490E-01  2.4289E-01  5.2660E-01  2.2806E+00  4.6093E-06
199812   7.7618E-03  1.4751E-01  3.0006E-01  6.5380E-01  2.8378E+00  4.6980E-06
199901   7.6372E-03  1.4743E-01  3.1717E-01  6.9900E-01  3.0465E+00  4.6912E-06
199902   7.5221E-03  1.4648E-01  2.9472E-01  6.4840E-01  2.8278E+00  4.6590E-06
199903   7.3772E-03  1.4451E-01  2.4187E-01  5.2690E-01  2.2850E+00  4.5949E-06
199904   7.0657E-03  1.4138E-01  1.6631E-01  3.5620E-01  1.5313E+00  4.4902E-06
199905   7.4223E-03  1.4117E-01  1.0520E-01  1.9870E-01  8.0200E-01  4.4959E-06
199906   7.6960E-03  1.4110E-01  6.0550E-02  8.3000E-02  2.6670E-01  4.5027E-06
199907   7.6520E-03  1.4043E-01  4.2060E-02  4.0300E-02  7.5500E-02  4.4810E-06
199908   7.6749E-03  1.4100E-01  6.0680E-02  8.4200E-02  2.7180E-01  4.4989E-06
199909   7.4156E-03  1.4112E-01  1.0641E-01  2.0210E-01  8.1500E-01  4.4937E-06
199910   7.7229E-03  1.4429E-01  1.7806E-01  3.6270E-01  1.5298E+00  4.5998E-06
199911   8.1992E-03  1.4814E-01  2.5724E-01  5.3680E-01  2.2897E+00  4.7314E-06
199912   8.0992E-03  1.4900E-01  3.0634E-01  6.5780E-01  2.8399E+00  4.7541E-06
200001   8.1733E-03  1.4976E-01  3.2888E-01  7.0990E-01  3.0662E+00  4.7789E-06
200002   8.3469E-03  1.5006E-01  3.1280E-01  6.6560E-01  2.8590E+00  4.7937E-06
200003   8.5849E-03  1.4982E-01  2.6525E-01  5.4370E-01  2.3006E+00  4.7947E-06
200004   8.4427E-03  1.4740E-01  1.9458E-01  3.7980E-01  1.5654E+00  4.7168E-06
200005   8.0471E-03  1.4393E-01  1.1679E-01  2.0590E-01  8.0420E-01  4.5997E-06
200006   8.0175E-03  1.4251E-01  6.6990E-02  8.7800E-02  2.7220E-01  4.5559E-06
200007   8.3660E-03  1.4356E-01  5.6060E-02  5.0700E-02  8.6100E-02  4.5990E-06
200008   8.1386E-03  1.4297E-01  7.2630E-02  9.8500E-02  3.0660E-01  4.5733E-06
200009   8.2310E-03  1.4472E-01  1.2123E-01  2.1110E-01  8.1600E-01  4.6294E-06
200010   8.3220E-03  1.4682E-01  1.9455E-01  3.8420E-01  1.5860E+00  4.6950E-06
200011   8.6270E-03  1.4995E-01  2.6899E-01  5.5200E-01  2.3293E+00  4.7995E-06
200012   8.5580E-03  1.5095E-01  3.1890E-01  6.7400E-01  2.8821E+00  4.8270E-06
200101   8.3614E-03  1.5058E-01  3.3272E-01  7.1330E-01  3.0713E+00  4.8097E-06
200102   8.1621E-03  1.4921E-01  3.1082E-01  6.6750E-01  2.8725E+00  4.7618E-06
200103   8.1395E-03  1.4787E-01  2.5640E-01  5.3730E-01  2.2935E+00  4.7211E-06
200104   8.1255E-03  1.4602E-01  1.8750E-01  3.7260E-01  1.5512E+00  4.6651E-06
200105   7.6476E-03  1.4215E-01  1.1038E-01  2.0400E-01  8.1240E-01  4.5325E-06
200106   7.9002E-03  1.4199E-01  6.5170E-02  8.7500E-02  2.7540E-01  4.5361E-06
200107   7.5999E-03  1.4017E-01  4.2750E-02  4.4100E-02  9.1000E-02  4.4711E-06
200108   7.6939E-03  1.4108E-01  6.0850E-02  8.3900E-02  2.7020E-01  4.5021E-06
200109   8.4724E-03  1.4582E-01  1.2428E-01  2.0990E-01  8.0270E-01  4.6708E-06
200110   8.8024E-03  1.4896E-01  2.0246E-01  3.8710E-01  1.5782E+00  4.7758E-06
200111   8.7372E-03  1.5049E-01  2.6844E-01  5.4630E-01  2.3040E+00  4.8198E-06
200112   9.2814E-03  1.5414E-01  3.3196E-01  6.8160E-01  2.8821E+00  4.9475E-06
200201   9.5240E-03  1.5563E-01  3.5823E-01  7.3720E-01  3.1146E+00  4.9999E-06
200202   9.2223E-03  1.5384E-01  3.3281E-01  6.8620E-01  2.9013E+00  4.9360E-06
200203   8.7049E-03  1.5028E-01  2.7103E-01  5.5480E-01  2.3366E+00  4.8118E-06
200204   8.5737E-03  1.4797E-01  1.9708E-01  3.8130E-01  1.5656E+00  4.7387E-06
200205   8.3527E-03  1.4524E-01  1.2433E-01  2.1460E-01  8.2470E-01  4.6490E-06
200206   7.9217E-03  1.4206E-01  6.6720E-02  9.0800E-02  2.8710E-01  4.5387E-06
200207   7.8189E-03  1.4121E-01  4.3310E-02  3.7000E-02  5.7200E-02  4.5104E-06
200208   8.0430E-03  1.4264E-01  6.6550E-02  8.5600E-02  2.6310E-01  4.5609E-06
200209   8.2138E-03  1.4465E-01  1.2053E-01  2.0960E-01  8.1160E-01  4.6269E-06
200210   8.1825E-03  1.4627E-01  1.8890E-01  3.7440E-01  1.5556E+00  4.6742E-06
200211   8.1985E-03  1.4812E-01  2.5791E-01  5.3860E-01  2.2964E+00  4.7308E-06
200212   8.3402E-03  1.5001E-01  3.1363E-01  6.6820E-01  2.8690E+00  4.7918E-06
200301   8.0549E-03  1.4925E-01  3.2582E-01  7.0640E-01  3.0576E+00  4.7598E-06
200302   7.6107E-03  1.4682E-01  2.9853E-01  6.5530E-01  2.8490E+00  4.6719E-06
200303   7.5218E-03  1.4517E-01  2.4347E-01  5.2570E-01  2.2753E+00  4.6197E-06
200304   7.3899E-03  1.4281E-01  1.7211E-01  3.5950E-01  1.5309E+00  4.5443E-06
200305   7.1040E-03  1.3980E-01  9.7930E-02  1.9130E-01  7.8670E-01  4.4441E-06
200306   7.0875E-03  1.3846E-01  4.7250E-02  7.0300E-02  2.4370E-01  4.4033E-06
200307   7.2416E-03  1.3865E-01  3.2920E-02  3.1500E-02  5.8500E-02  4.4140E-06
200308   7.1805E-03  1.3884E-01  5.0200E-02  7.4700E-02  2.5620E-01  4.4178E-06
200309   7.1493E-03  1.3997E-01  1.0000E-01  1.9520E-01  7.9900E-01  4.4507E-06
200310   7.4142E-03  1.4301E-01  1.6821E-01  3.4780E-01  1.4874E+00  4.5519E-06
200311   7.5882E-03  1.4546E-01  2.4467E-01  5.2660E-01  2.2755E+00  4.6307E-06
200312   7.4111E-03  1.4598E-01  2.9295E-01  6.4810E-01  2.8304E+00  4.6402E-06
200401   7.2887E-03  1.4595E-01  3.0812E-01  6.8800E-01  3.0190E+00  4.6354E-06
200402   7.1739E-03  1.4496E-01  2.8713E-01  6.4150E-01  2.8154E+00  4.6020E-06
200403   7.1208E-03  1.4341E-01  2.3552E-01  5.1970E-01  2.2682E+00  4.5535E-06
200404   6.9449E-03  1.4086E-01  1.6349E-01  3.5330E-01  1.5252E+00  4.4707E-06
200405   6.7351E-03  1.3819E-01  9.0120E-02  1.8430E-01  7.7500E-01  4.3836E-06
200406   6.6383E-03  1.3649E-01  3.8370E-02  6.3800E-02  2.3640E-01  4.3290E-06
200407   6.6973E-03  1.3632E-01  1.9750E-02  1.6500E-02  2.4300E-02  4.3262E-06
200408   6.7199E-03  1.3686E-01  3.9170E-02  6.2800E-02  2.2950E-01  4.3432E-06
200409   6.7568E-03  1.3828E-01  9.0970E-02  1.8580E-01  7.7940E-01  4.3868E-06
200410   6.9387E-03  1.4084E-01  1.6303E-01  3.5220E-01  1.5215E+00  4.4700E-06
200411   7.0647E-03  1.4318E-01  2.3369E-01  5.1690E-01  2.2597E+00  4.5449E-06
200412   6.9835E-03  1.4411E-01  2.8414E-01  6.4050E-01  2.8190E+00  4.5699E-06
200501   6.9251E-03  1.4439E-01  2.9923E-01  6.7770E-01  2.9951E+00  4.5768E-06
200502   6.8432E-03  1.4352E-01  2.7998E-01  6.3450E-01  2.8031E+00  4.5478E-06
200503   6.6443E-03  1.4135E-01  2.2505E-01  5.0980E-01  2.2502E+00  4.4756E-06
200504   6.5098E-03  1.3898E-01  1.5339E-01  3.4270E-01  1.5033E+00  4.4000E-06
200505   6.5965E-03  1.3761E-01  8.6330E-02  1.7940E-01  7.6250E-01  4.3615E-06
200506   6.4298E-03  1.3560E-01  3.3150E-02  5.7500E-02  2.2150E-01  4.2955E-06
200507   6.4613E-03  1.3526E-01  1.5890E-02  1.5400E-02  2.9600E-02  4.2864E-06
200508   6.4537E-03  1.3568E-01  3.4370E-02  5.9900E-02  2.2960E-01  4.2989E-06
200509   6.4135E-03  1.3681E-01  8.2560E-02  1.7640E-01  7.5820E-01  4.3314E-06
200510   6.3258E-03  1.3817E-01  1.5006E-01  3.4070E-01  1.5025E+00  4.3694E-06
200511   6.4932E-03  1.4070E-01  2.2146E-01  5.0600E-01  2.2414E+00  4.4512E-06
200512   6.7081E-03  1.4294E-01  2.7691E-01  6.3150E-01  2.7967E+00  4.5259E-06
200601   6.6065E-03  1.4297E-01  2.9403E-01  6.7600E-01  3.0011E+00  4.5232E-06
200602   6.4533E-03  1.4181E-01  2.7229E-01  6.2880E-01  2.7964E+00  4.4834E-06
200603   6.2964E-03  1.3983E-01  2.1780E-01  5.0360E-01  2.2405E+00  4.4185E-06
200604   6.4852E-03  1.3888E-01  1.5246E-01  3.4120E-01  1.4982E+00  4.3963E-06
200605   6.3361E-03  1.3645E-01  8.1970E-02  1.7760E-01  7.6600E-01  4.3179E-06
200606   6.1539E-03  1.3438E-01  2.8130E-02  5.4800E-02  2.2190E-01  4.2496E-06
200607   6.1417E-03  1.3386E-01  9.7600E-03  1.0900E-02  2.5000E-02  4.2336E-06
200608   6.1393E-03  1.3433E-01  2.7120E-02  5.2300E-02  2.1360E-01  4.2479E-06
200609   6.2224E-03  1.3595E-01  7.9260E-02  1.7480E-01  7.6010E-01  4.2995E-06
200610   6.2416E-03  1.3780E-01  1.4803E-01  3.3850E-01  1.4982E+00  4.3557E-06
200611   6.4813E-03  1.4065E-01  2.2077E-01  5.0430E-01  2.2361E+00  4.4496E-06
200612   6.4491E-03  1.4182E-01  2.7105E-01  6.2580E-01  2.7854E+00  4.4836E-06
200701   6.4949E-03  1.4250E-01  2.9068E-01  6.7110E-01  2.9880E+00  4.5056E-06
200702   6.3520E-03  1.4139E-01  2.6934E-01  6.2470E-01  2.7852E+00  4.4675E-06
200703   6.2306E-03  1.3954E-01  2.1642E-01  5.0230E-01  2.2382E+00  4.4077E-06
200704   6.1344E-03  1.3735E-01  1.4530E-01  3.3530E-01  1.4906E+00  4.3385E-06
200705   6.0849E-03  1.3537E-01  7.5780E-02  1.7060E-01  7.4940E-01  4.2774E-06
200706   6.0726E-03  1.3403E-01  2.6210E-02  5.2500E-02  2.1710E-01  4.2364E-06
200707   6.0335E-03  1.3339E-01  7.1900E-03  8.3000E-03  2.0000E-02  4.2159E-06
200708   5.9817E-03  1.3363E-01  2.4490E-02  5.1300E-02  2.1570E-01  4.2215E-06
200709   5.9729E-03  1.3487E-01  7.3870E-02  1.6950E-01  7.5020E-01  4.2587E-06
200710   6.0940E-03  1.3716E-01  1.4474E-01  3.3510E-01  1.4914E+00  4.3317E-06
200711   6.0905E-03  1.3894E-01  2.1314E-01  4.9890E-01  2.2314E+00  4.3849E-06
200712   6.2893E-03  1.4112E-01  2.6803E-01  6.2360E-01  2.7835E+00  4.4572E-06
200801   6.2646E-03  1.4148E-01  2.8643E-01  6.6850E-01  2.9868E+00  4.4674E-06
200802   6.2660E-03  1.4101E-01  2.6784E-01  6.2410E-01  2.7863E+00  4.4530E-06
200803   6.2020E-03  1.3943E-01  2.1528E-01  5.0040E-01  2.2325E+00  4.4034E-06
200804   6.0718E-03  1.3707E-01  1.4416E-01  3.3450E-01  1.4896E+00  4.3281E-06
200805   5.9724E-03  1.3487E-01  7.3760E-02  1.6960E-01  7.5040E-01  4.2586E-06
200806   5.8416E-03  1.3302E-01  2.1360E-02  4.8200E-02  2.0950E-01  4.1985E-06
200807   5.8108E-03  1.3242E-01  2.5400E-03  4.4000E-03  1.3600E-02  4.1794E-06
200808   5.8164E-03  1.3291E-01  2.0780E-02  4.7500E-02  2.0820E-01  4.1945E-06
200809   5.8980E-03  1.3455E-01  7.2120E-02  1.6780E-01  7.4640E-01  4.2465E-06
200810   6.0151E-03  1.3683E-01  1.4286E-01  3.3310E-01  1.4867E+00  4.3189E-06
200811   6.1626E-03  1.3925E-01  2.1475E-01  5.0050E-01  2.2345E+00  4.3967E-06
200812   6.1991E-03  1.4072E-01  2.6621E-01  6.2240E-01  2.7830E+00  4.4422E-06
200901   6.2210E-03  1.4130E-01  2.8535E-01  6.6730E-01  2.9842E+00  4.4603E-06
200902   6.1642E-03  1.4057E-01  2.6545E-01  6.2140E-01  2.7808E+00  4.4365E-06
200903   6.1154E-03  1.3904E-01  2.1374E-01  4.9960E-01  2.2326E+00  4.3889E-06
200904   6.0271E-03  1.3688E-01  1.4313E-01  3.3350E-01  1.4879E+00  4.3208E-06
200905   6.0006E-03  1.3499E-01  7.4520E-02  1.7030E-01  7.5200E-01  4.2632E-06
200906   5.9215E-03  1.3337E-01  2.3180E-02  5.0000E-02  2.1380E-01  4.2116E-06
200907   5.8571E-03  1.3262E-01  3.5700E-03  5.1000E-03  1.4900E-02  4.1869E-06
200908   5.8970E-03  1.3326E-01  2.2670E-02  4.9600E-02  2.1310E-01  4.2075E-06
200909   5.9899E-03  1.3495E-01  7.4170E-02  1.6990E-01  7.5060E-01  4.2615E-06
200910   6.1008E-03  1.3720E-01  1.4462E-01  3.3480E-01  1.4897E+00  4.3330E-06
200911   6.2210E-03  1.3950E-01  2.1630E-01  5.0210E-01  2.2383E+00  4.4061E-06
200912   6.3443E-03  1.4135E-01  2.6947E-01  6.2550E-01  2.7884E+00  4.4659E-06
201001   6.4602E-03  1.4234E-01  2.9049E-01  6.7200E-01  2.9920E+00  4.4996E-06
201002   6.5682E-03  1.4232E-01  2.7436E-01  6.3030E-01  2.7974E+00  4.5025E-06
201003   6.4970E-03  1.4070E-01  2.2202E-01  5.0720E-01  2.2462E+00  4.4514E-06
201004   6.3409E-03  1.3823E-01  1.5036E-01  3.4110E-01  1.5035E+00  4.3719E-06
201005   6.2043E-03  1.3587E-01  7.9210E-02  1.7510E-01  7.6200E-01  4.2963E-06
201006   6.0983E-03  1.3413E-01  2.7130E-02  5.4100E-02  2.2170E-01  4.2403E-06
201007   6.2417E-03  1.3428E-01  1.2270E-02  1.4200E-02  3.2700E-02  4.2496E-06
201008   6.2889E-03  1.3496E-01  3.1170E-02  5.7800E-02  2.2790E-01  4.2716E-06
201009   6.4339E-03  1.3688E-01  8.3730E-02  1.7870E-01  7.6610E-01  4.3342E-06
201010   6.4437E-03  1.3869E-01  1.5196E-01  3.4130E-01  1.5002E+00  4.3892E-06
201011   6.5614E-03  1.4097E-01  2.2382E-01  5.0950E-01  2.2518E+00  4.4617E-06
201012   6.6446E-03  1.4266E-01  2.7596E-01  6.3150E-01  2.7993E+00  4.5151E-06
201101   6.6206E-03  1.4303E-01  2.9418E-01  6.7570E-01  3.0002E+00  4.5256E-06
201102   6.7192E-03  1.4298E-01  2.7741E-01  6.3270E-01  2.8007E+00  4.5274E-06
201103   6.9841E-03  1.4284E-01  2.3157E-01  5.1450E-01  2.2542E+00  4.5319E-06
201104   7.1349E-03  1.4169E-01  1.6739E-01  3.5640E-01  1.5296E+00  4.5019E-06
201105   6.7882E-03  1.3840E-01  9.2280E-02  1.8810E-01  7.8700E-01  4.3914E-06
201106   6.7320E-03  1.3688E-01  4.1220E-02  6.7600E-02  2.4750E-01  4.3438E-06
201107   6.6185E-03  1.3592E-01  2.0450E-02  2.1700E-02  4.6100E-02  4.3113E-06
201108   6.7286E-03  1.3688E-01  4.0340E-02  6.5600E-02  2.3980E-01  4.3439E-06
201109   7.1704E-03  1.4010E-01  9.8560E-02  1.9040E-01  7.8070E-01  4.4556E-06
201110   7.5417E-03  1.4347E-01  1.7528E-01  3.6220E-01  1.5348E+00  4.5693E-06
201111   7.9617E-03  1.4708E-01  2.5316E-01  5.3490E-01  2.2919E+00  4.6917E-06
201112   7.9407E-03  1.4828E-01  3.0458E-01  6.5900E-01  2.8503E+00  4.7267E-06
