196601   7.3257E-03  1.4521E-01  3.0845E-01  6.9340E-01  3.0537E+00  4.5878E-06
196602   7.2947E-03  1.4460E-01  2.8905E-01  6.4830E-01  2.8515E+00  4.5684E-06
196603   7.2105E-03  1.4293E-01  2.3659E-01  5.2540E-01  2.3012E+00  4.5158E-06
196604   7.0963E-03  1.4067E-01  1.6537E-01  3.5870E-01  1.5544E+00  4.4442E-06
196605   6.9830E-03  1.3842E-01  9.4670E-02  1.9310E-01  8.1400E-01  4.3733E-06
196606   6.9006E-03  1.3679E-01  4.3290E-02  7.3100E-02  2.7540E-01  4.3216E-06
196607   6.8706E-03  1.3619E-01  2.4590E-02  2.9100E-02  7.9200E-02  4.3028E-06
196608   6.9006E-03  1.3679E-01  4.3290E-02  7.3100E-02  2.7540E-01  4.3216E-06
196609   6.9830E-03  1.3842E-01  9.4670E-02  1.9310E-01  8.1400E-01  4.3733E-06
196610   7.0963E-03  1.4067E-01  1.6537E-01  3.5870E-01  1.5544E+00  4.4442E-06
196611   7.2105E-03  1.4293E-01  2.3659E-01  5.2540E-01  2.3012E+00  4.5158E-06
196612   7.2947E-03  1.4460E-01  2.8905E-01  6.4830E-01  2.8515E+00  4.5684E-06
196701   7.3257E-03  1.4521E-01  3.0845E-01  6.9340E-01  3.0537E+00  4.5878E-06
196702   7.2947E-03  1.4460E-01  2.8905E-01  6.4830E-01  2.8515E+00  4.5684E-06
196703   7.2105E-03  1.4293E-01  2.3659E-01  5.2540E-01  2.3012E+00  4.5158E-06
196704   7.0963E-03  1.4067E-01  1.6537E-01  3.5870E-01  1.5544E+00  4.4442E-06
196705   6.9830E-03  1.3842E-01  9.4670E-02  1.9310E-01  8.1400E-01  4.3733E-06
196706   6.9006E-03  1.3679E-01  4.3290E-02  7.3100E-02  2.7540E-01  4.3216E-06
196707   6.8706E-03  1.3619E-01  2.4590E-02  2.9100E-02  7.9200E-02  4.3028E-06
196708   6.9006E-03  1.3679E-01  4.3290E-02  7.3100E-02  2.7540E-01  4.3216E-06
196709   6.9830E-03  1.3842E-01  9.4670E-02  1.9310E-01  8.1400E-01  4.3733E-06
196710   7.0963E-03  1.4067E-01  1.6537E-01  3.5870E-01  1.5544E+00  4.4442E-06
196711   7.2105E-03  1.4293E-01  2.3659E-01  5.2540E-01  2.3012E+00  4.5158E-06
196712   7.2947E-03  1.4460E-01  2.8905E-01  6.4830E-01  2.8515E+00  4.5684E-06
196801   7.3257E-03  1.4521E-01  3.0845E-01  6.9340E-01  3.0537E+00  4.5878E-06
196802   7.2947E-03  1.4460E-01  2.8905E-01  6.4830E-01  2.8515E+00  4.5684E-06
196803   7.2105E-03  1.4293E-01  2.3659E-01  5.2540E-01  2.3012E+00  4.5158E-06
196804   7.0963E-03  1.4067E-01  1.6537E-01  3.5870E-01  1.5544E+00  4.4442E-06
196805   6.9830E-03  1.3842E-01  9.4670E-02  1.9310E-01  8.1400E-01  4.3733E-06
196806   6.9006E-03  1.3679E-01  4.3290E-02  7.3100E-02  2.7540E-01  4.3216E-06
196807   6.8706E-03  1.3619E-01  2.4590E-02  2.9100E-02  7.9200E-02  4.3028E-06
196808   6.9006E-03  1.3679E-01  4.3290E-02  7.3100E-02  2.7540E-01  4.3216E-06
196809   6.9830E-03  1.3842E-01  9.4670E-02  1.9310E-01  8.1400E-01  4.3733E-06
196810   7.0963E-03  1.4067E-01  1.6537E-01  3.5870E-01  1.5544E+00  4.4442E-06
196811   7.2105E-03  1.4293E-01  2.3659E-01  5.2540E-01  2.3012E+00  4.5158E-06
196812   7.2947E-03  1.4460E-01  2.8905E-01  6.4830E-01  2.8515E+00  4.5684E-06
196901   7.3257E-03  1.4521E-01  3.0845E-01  6.9340E-01  3.0537E+00  4.5878E-06
196902   7.2947E-03  1.4460E-01  2.8905E-01  6.4830E-01  2.8515E+00  4.5684E-06
196903   7.2105E-03  1.4293E-01  2.3659E-01  5.2540E-01  2.3012E+00  4.5158E-06
196904   7.0963E-03  1.4067E-01  1.6537E-01  3.5870E-01  1.5544E+00  4.4442E-06
196905   6.9830E-03  1.3842E-01  9.4670E-02  1.9310E-01  8.1400E-01  4.3733E-06
196906   6.9006E-03  1.3679E-01  4.3290E-02  7.3100E-02  2.7540E-01  4.3216E-06
196907   6.8706E-03  1.3619E-01  2.4590E-02  2.9100E-02  7.9200E-02  4.3028E-06
196908   6.9006E-03  1.3679E-01  4.3290E-02  7.3100E-02  2.7540E-01  4.3216E-06
196909   6.9830E-03  1.3842E-01  9.4670E-02  1.9310E-01  8.1400E-01  4.3733E-06
196910   7.0963E-03  1.4067E-01  1.6537E-01  3.5870E-01  1.5544E+00  4.4442E-06
196911   7.2105E-03  1.4293E-01  2.3659E-01  5.2540E-01  2.3012E+00  4.5158E-06
196912   7.2947E-03  1.4460E-01  2.8905E-01  6.4830E-01  2.8515E+00  4.5684E-06
197001   7.3257E-03  1.4521E-01  3.0845E-01  6.9340E-01  3.0537E+00  4.5878E-06
197002   7.2947E-03  1.4460E-01  2.8905E-01  6.4830E-01  2.8515E+00  4.5684E-06
197003   7.2105E-03  1.4293E-01  2.3659E-01  5.2540E-01  2.3012E+00  4.5158E-06
197004   7.0963E-03  1.4067E-01  1.6537E-01  3.5870E-01  1.5544E+00  4.4442E-06
197005   6.9830E-03  1.3842E-01  9.4670E-02  1.9310E-01  8.1400E-01  4.3733E-06
197006   6.9006E-03  1.3679E-01  4.3290E-02  7.3100E-02  2.7540E-01  4.3216E-06
197007   6.8706E-03  1.3619E-01  2.4590E-02  2.9100E-02  7.9200E-02  4.3028E-06
197008   6.9006E-03  1.3679E-01  4.3290E-02  7.3100E-02  2.7540E-01  4.3216E-06
197009   6.9830E-03  1.3842E-01  9.4670E-02  1.9310E-01  8.1400E-01  4.3733E-06
197010   7.0963E-03  1.4067E-01  1.6537E-01  3.5870E-01  1.5544E+00  4.4442E-06
197011   7.2105E-03  1.4293E-01  2.3659E-01  5.2540E-01  2.3012E+00  4.5158E-06
197012   7.2947E-03  1.4460E-01  2.8905E-01  6.4830E-01  2.8515E+00  4.5684E-06
197101   7.3257E-03  1.4521E-01  3.0845E-01  6.9340E-01  3.0537E+00  4.5878E-06
197102   7.2947E-03  1.4460E-01  2.8905E-01  6.4830E-01  2.8515E+00  4.5684E-06
197103   7.2105E-03  1.4293E-01  2.3659E-01  5.2540E-01  2.3012E+00  4.5158E-06
197104   7.0963E-03  1.4067E-01  1.6537E-01  3.5870E-01  1.5544E+00  4.4442E-06
197105   6.9830E-03  1.3842E-01  9.4670E-02  1.9310E-01  8.1400E-01  4.3733E-06
197106   6.9006E-03  1.3679E-01  4.3290E-02  7.3100E-02  2.7540E-01  4.3216E-06
197107   6.8706E-03  1.3619E-01  2.4590E-02  2.9100E-02  7.9200E-02  4.3028E-06
197108   6.9006E-03  1.3679E-01  4.3290E-02  7.3100E-02  2.7540E-01  4.3216E-06
197109   6.9830E-03  1.3842E-01  9.4670E-02  1.9310E-01  8.1400E-01  4.3733E-06
197110   7.0963E-03  1.4067E-01  1.6537E-01  3.5870E-01  1.5544E+00  4.4442E-06
197111   7.2105E-03  1.4293E-01  2.3659E-01  5.2540E-01  2.3012E+00  4.5158E-06
197112   7.2947E-03  1.4460E-01  2.8905E-01  6.4830E-01  2.8515E+00  4.5684E-06
197201   7.3257E-03  1.4521E-01  3.0845E-01  6.9340E-01  3.0537E+00  4.5878E-06
197202   7.2947E-03  1.4460E-01  2.8905E-01  6.4830E-01  2.8515E+00  4.5684E-06
197203   7.2105E-03  1.4293E-01  2.3659E-01  5.2540E-01  2.3012E+00  4.5158E-06
197204   7.0963E-03  1.4067E-01  1.6537E-01  3.5870E-01  1.5544E+00  4.4442E-06
197205   6.9830E-03  1.3842E-01  9.4670E-02  1.9310E-01  8.1400E-01  4.3733E-06
197206   6.9006E-03  1.3679E-01  4.3290E-02  7.3100E-02  2.7540E-01  4.3216E-06
197207   6.8706E-03  1.3619E-01  2.4590E-02  2.9100E-02  7.9200E-02  4.3028E-06
197208   6.9006E-03  1.3679E-01  4.3290E-02  7.3100E-02  2.7540E-01  4.3216E-06
197209   6.9830E-03  1.3842E-01  9.4670E-02  1.9310E-01  8.1400E-01  4.3733E-06
197210   7.0963E-03  1.4067E-01  1.6537E-01  3.5870E-01  1.5544E+00  4.4442E-06
197211   7.2105E-03  1.4293E-01  2.3659E-01  5.2540E-01  2.3012E+00  4.5158E-06
197212   7.2947E-03  1.4460E-01  2.8905E-01  6.4830E-01  2.8515E+00  4.5684E-06
197301   7.3257E-03  1.4521E-01  3.0845E-01  6.9340E-01  3.0537E+00  4.5878E-06
197302   7.2947E-03  1.4460E-01  2.8905E-01  6.4830E-01  2.8515E+00  4.5684E-06
197303   7.2105E-03  1.4293E-01  2.3659E-01  5.2540E-01  2.3012E+00  4.5158E-06
197304   7.0963E-03  1.4067E-01  1.6537E-01  3.5870E-01  1.5544E+00  4.4442E-06
197305   6.9830E-03  1.3842E-01  9.4670E-02  1.9310E-01  8.1400E-01  4.3733E-06
197306   6.9006E-03  1.3679E-01  4.3290E-02  7.3100E-02  2.7540E-01  4.3216E-06
197307   6.8706E-03  1.3619E-01  2.4590E-02  2.9100E-02  7.9200E-02  4.3028E-06
197308   6.9006E-03  1.3679E-01  4.3290E-02  7.3100E-02  2.7540E-01  4.3216E-06
197309   6.9830E-03  1.3842E-01  9.4670E-02  1.9310E-01  8.1400E-01  4.3733E-06
197310   7.0963E-03  1.4067E-01  1.6537E-01  3.5870E-01  1.5544E+00  4.4442E-06
197311   7.2105E-03  1.4293E-01  2.3659E-01  5.2540E-01  2.3012E+00  4.5158E-06
197312   7.2947E-03  1.4460E-01  2.8905E-01  6.4830E-01  2.8515E+00  4.5684E-06
197401   7.3257E-03  1.4521E-01  3.0845E-01  6.9340E-01  3.0537E+00  4.5878E-06
197402   7.2947E-03  1.4460E-01  2.8905E-01  6.4830E-01  2.8515E+00  4.5684E-06
197403   7.2105E-03  1.4293E-01  2.3659E-01  5.2540E-01  2.3012E+00  4.5158E-06
197404   7.0963E-03  1.4067E-01  1.6537E-01  3.5870E-01  1.5544E+00  4.4442E-06
197405   6.9830E-03  1.3842E-01  9.4670E-02  1.9310E-01  8.1400E-01  4.3733E-06
197406   6.9006E-03  1.3679E-01  4.3290E-02  7.3100E-02  2.7540E-01  4.3216E-06
197407   6.8706E-03  1.3619E-01  2.4590E-02  2.9100E-02  7.9200E-02  4.3028E-06
197408   6.8620E-03  1.3665E-01  4.2760E-02  7.2600E-02  2.7470E-01  4.3175E-06
197409   7.0912E-03  1.3876E-01  9.7010E-02  1.9550E-01  8.1880E-01  4.3845E-06
197410   7.3408E-03  1.4145E-01  1.7012E-01  3.6340E-01  1.5658E+00  4.4698E-06
197411   7.2630E-03  1.4307E-01  2.3787E-01  5.2740E-01  2.3070E+00  4.5208E-06
197412   7.1037E-03  1.4392E-01  2.8506E-01  6.4390E-01  2.8399E+00  4.5474E-06
197501   7.0157E-03  1.4412E-01  3.0172E-01  6.8620E-01  3.0351E+00  4.5539E-06
197502   6.9016E-03  1.4323E-01  2.8059E-01  6.3880E-01  2.8274E+00  4.5255E-06
197503   6.7783E-03  1.4142E-01  2.2713E-01  5.1470E-01  2.2740E+00  4.4685E-06
197504   6.6551E-03  1.3913E-01  1.5581E-01  3.4800E-01  1.5279E+00  4.3960E-06
197505   6.4990E-03  1.3673E-01  8.3910E-02  1.8090E-01  7.8210E-01  4.3205E-06
197506   6.4760E-03  1.3530E-01  3.3970E-02  6.2400E-02  2.4790E-01  4.2752E-06
197507   6.7250E-03  1.3567E-01  2.1410E-02  2.5600E-02  6.9200E-02  4.2867E-06
197508   7.0090E-03  1.3711E-01  4.4560E-02  7.3200E-02  2.7310E-01  4.3326E-06
197509   6.8423E-03  1.3791E-01  9.2220E-02  1.9110E-01  8.1040E-01  4.3576E-06
197510   6.8097E-03  1.3966E-01  1.5935E-01  3.5230E-01  1.5388E+00  4.4128E-06
197511   6.9867E-03  1.4214E-01  2.3155E-01  5.1930E-01  2.2856E+00  4.4912E-06
197512   6.9058E-03  1.4324E-01  2.8094E-01  6.3930E-01  2.8291E+00  4.5260E-06
197601   6.9048E-03  1.4374E-01  2.9905E-01  6.8260E-01  3.0255E+00  4.5419E-06
197602   6.8139E-03  1.4293E-01  2.7878E-01  6.3680E-01  2.8224E+00  4.5161E-06
197603   6.8833E-03  1.4178E-01  2.2881E-01  5.1580E-01  2.2747E+00  4.4799E-06
197604   6.8096E-03  1.3965E-01  1.5858E-01  3.5020E-01  1.5312E+00  4.4127E-06
197605   6.5871E-03  1.3704E-01  8.6150E-02  1.8370E-01  7.8920E-01  4.3301E-06
197606   6.4886E-03  1.3534E-01  3.4110E-02  6.2700E-02  2.4850E-01  4.2766E-06
197607   6.4323E-03  1.3467E-01  1.5290E-02  1.8800E-02  5.3200E-02  4.2551E-06
197608   6.6093E-03  1.3576E-01  3.6550E-02  6.5000E-02  2.5360E-01  4.2897E-06
197609   6.6320E-03  1.3719E-01  8.6860E-02  1.8430E-01  7.9070E-01  4.3348E-06
197610   6.7403E-03  1.3941E-01  1.5719E-01  3.4910E-01  1.5298E+00  4.4051E-06
197611   6.7726E-03  1.4140E-01  2.2706E-01  5.1460E-01  2.2736E+00  4.4679E-06
197612   6.9116E-03  1.4325E-01  2.8046E-01  6.3810E-01  2.8251E+00  4.5264E-06
197701   6.9663E-03  1.4394E-01  3.0055E-01  6.8470E-01  3.0313E+00  4.5483E-06
197702   7.0487E-03  1.4370E-01  2.8357E-01  6.4200E-01  2.8351E+00  4.5410E-06
197703   6.8833E-03  1.4177E-01  2.3009E-01  5.1870E-01  2.2858E+00  4.4796E-06
197704   6.8963E-03  1.3994E-01  1.6156E-01  3.5510E-01  1.5471E+00  4.4220E-06
197705   6.8926E-03  1.3807E-01  9.3820E-02  1.9340E-01  8.1690E-01  4.3628E-06
197706   7.0589E-03  1.3727E-01  4.6310E-02  7.5900E-02  2.8250E-01  4.3378E-06
197707   6.9846E-03  1.3657E-01  2.9070E-02  3.5800E-02  1.0030E-01  4.3150E-06
197708   7.0971E-03  1.3745E-01  4.9650E-02  8.1800E-02  3.0200E-01  4.3428E-06
197709   7.1977E-03  1.3908E-01  9.8300E-02  1.9660E-01  8.2120E-01  4.3951E-06
197710   7.2169E-03  1.4100E-01  1.6760E-01  3.6080E-01  1.5599E+00  4.4559E-06
197711   7.7190E-03  1.4467E-01  2.5183E-01  5.4580E-01  2.3611E+00  4.5710E-06
197712   8.0126E-03  1.4706E-01  3.0845E-01  6.7280E-01  2.9208E+00  4.6463E-06
197801   8.1528E-03  1.4802E-01  3.3014E-01  7.2080E-01  3.1313E+00  4.6770E-06
197802   8.8542E-03  1.4982E-01  3.2369E-01  6.8670E-01  2.9497E+00  4.7354E-06
197803   8.5009E-03  1.4720E-01  2.6513E-01  5.5780E-01  2.3864E+00  4.6529E-06
197804   8.2712E-03  1.4449E-01  1.9016E-01  3.8630E-01  1.6263E+00  4.5680E-06
197805   8.2485E-03  1.4256E-01  1.2197E-01  2.2410E-01  8.9490E-01  4.5071E-06
197806   8.3003E-03  1.4143E-01  7.5250E-02  1.1070E-01  3.7760E-01  4.4708E-06
197807   8.1729E-03  1.4056E-01  5.5760E-02  6.6800E-02  1.8290E-01  4.4424E-06
197808   7.8682E-03  1.4006E-01  6.8350E-02  1.0460E-01  3.6500E-01  4.4258E-06
197809   8.5140E-03  1.4348E-01  1.2670E-01  2.2760E-01  8.9950E-01  4.5359E-06
197810   8.6409E-03  1.4575E-01  1.9872E-01  3.9640E-01  1.6529E+00  4.6080E-06
197811   8.6200E-03  1.4754E-01  2.6679E-01  5.5940E-01  2.3898E+00  4.6649E-06
197812   9.0719E-03  1.5046E-01  3.2439E-01  6.8390E-01  2.9355E+00  4.7572E-06
197901   1.0030E-02  1.5420E-01  3.6377E-01  7.5170E-01  3.1982E+00  4.8763E-06
197902   1.0115E-02  1.5397E-01  3.4920E-01  7.1520E-01  3.0248E+00  4.8691E-06
197903   1.0020E-02  1.5226E-01  2.9927E-01  5.9910E-01  2.4992E+00  4.8152E-06
197904   9.2752E-03  1.4786E-01  2.1303E-01  4.1390E-01  1.7001E+00  4.6759E-06
197905   8.9747E-03  1.4495E-01  1.3871E-01  2.4530E-01  9.5250E-01  4.5843E-06
197906   8.9493E-03  1.4355E-01  8.5600E-02  1.1820E-01  3.8740E-01  4.5394E-06
197907   8.8434E-03  1.4272E-01  6.6170E-02  7.5500E-02  1.9870E-01  4.5129E-06
197908   8.9797E-03  1.4367E-01  8.6890E-02  1.2130E-01  3.9920E-01  4.5430E-06
197909   9.4352E-03  1.4658E-01  1.4525E-01  2.4790E-01  9.5140E-01  4.6351E-06
197910   9.6944E-03  1.4928E-01  2.1895E-01  4.1690E-01  1.7005E+00  4.7211E-06
197911   9.9924E-03  1.5217E-01  2.9331E-01  5.8590E-01  2.4494E+00  4.8123E-06
197912   9.7493E-03  1.5273E-01  3.4144E-01  7.0770E-01  3.0061E+00  4.8300E-06
198001   9.8638E-03  1.5366E-01  3.6039E-01  7.4960E-01  3.1968E+00  4.8588E-06
198002   9.6069E-03  1.5227E-01  3.3516E-01  6.9670E-01  2.9703E+00  4.8149E-06
198003   9.1644E-03  1.4943E-01  2.7931E-01  5.7530E-01  2.4347E+00  4.7244E-06
198004   9.2045E-03  1.4762E-01  2.0708E-01  4.0220E-01  1.6592E+00  4.6683E-06
198005   9.4766E-03  1.4662E-01  1.4387E-01  2.4480E-01  9.3840E-01  4.6378E-06
198006   9.0121E-03  1.4376E-01  8.7950E-02  1.2320E-01  4.0530E-01  4.5463E-06
198007   8.9472E-03  1.4306E-01  6.8520E-02  7.8500E-02  2.0700E-01  4.5239E-06
198008   8.7238E-03  1.4284E-01  8.1760E-02  1.1620E-01  3.8800E-01  4.5161E-06
198009   8.9913E-03  1.4507E-01  1.3612E-01  2.3850E-01  9.2860E-01  4.5872E-06
198010   9.2711E-03  1.4784E-01  2.1088E-01  4.0960E-01  1.6843E+00  4.6752E-06
198011   9.3958E-03  1.5014E-01  2.8075E-01  5.7220E-01  2.4149E+00  4.7479E-06
198012   9.9154E-03  1.5327E-01  3.4382E-01  7.0900E-01  3.0046E+00  4.8474E-06
198101   9.2349E-03  1.5151E-01  3.5061E-01  7.4450E-01  3.1923E+00  4.7908E-06
198102   9.4356E-03  1.5168E-01  3.3180E-01  6.9300E-01  2.9605E+00  4.7963E-06
198103   9.5560E-03  1.5071E-01  2.8547E-01  5.8000E-01  2.4413E+00  4.7657E-06
198104   9.7114E-03  1.4934E-01  2.2069E-01  4.2190E-01  1.7182E+00  4.7228E-06
198105   9.1185E-03  1.4550E-01  1.4005E-01  2.4570E-01  9.5020E-01  4.6007E-06
198106   8.4163E-03  1.4182E-01  7.5870E-02  1.1150E-01  3.7750E-01  4.4833E-06
198107   8.7679E-03  1.4252E-01  5.9890E-02  6.2700E-02  1.5310E-01  4.5056E-06
198108   9.3505E-03  1.4497E-01  9.1810E-02  1.2380E-01  3.9820E-01  4.5835E-06
198109   9.7670E-03  1.4771E-01  1.5191E-01  2.5620E-01  9.7290E-01  4.6707E-06
198110   9.7755E-03  1.4962E-01  2.1897E-01  4.1570E-01  1.6944E+00  4.7308E-06
198111   9.6458E-03  1.5109E-01  2.8617E-01  5.8000E-01  2.4397E+00  4.7765E-06
198112   9.7954E-03  1.5295E-01  3.3960E-01  7.0290E-01  2.9881E+00  4.8358E-06
198201   9.3687E-03  1.5206E-01  3.5122E-01  7.4220E-01  3.1806E+00  4.8068E-06
198202   9.5702E-03  1.5219E-01  3.3133E-01  6.8890E-01  2.9415E+00  4.8116E-06
198203   9.4299E-03  1.5030E-01  2.7824E-01  5.6640E-01  2.3934E+00  4.7523E-06
198204   8.6348E-03  1.4581E-01  1.9560E-01  3.9060E-01  1.6320E+00  4.6089E-06
198205   8.3931E-03  1.4316E-01  1.2400E-01  2.2630E-01  8.9890E-01  4.5248E-06
198206   8.4075E-03  1.4181E-01  7.1000E-02  9.9000E-02  3.3140E-01  4.4827E-06
198207   8.3989E-03  1.4129E-01  5.4580E-02  6.1200E-02  1.5740E-01  4.4662E-06
198208   8.6784E-03  1.4276E-01  7.9140E-02  1.1110E-01  3.6920E-01  4.5124E-06
198209   8.9587E-03  1.4507E-01  1.3554E-01  2.3810E-01  9.2820E-01  4.5854E-06
198210   9.1115E-03  1.4748E-01  2.0811E-01  4.0670E-01  1.6792E+00  4.6612E-06
198211   9.0778E-03  1.4924E-01  2.7506E-01  5.6730E-01  2.4075E+00  4.7166E-06
198212   9.6169E-03  1.5243E-01  3.3706E-01  7.0020E-01  2.9810E+00  4.8181E-06
198301   8.8029E-03  1.5021E-01  3.4018E-01  7.2950E-01  3.1476E+00  4.7469E-06
198302   8.3370E-03  1.4817E-01  3.1135E-01  6.7290E-01  2.9150E+00  4.6814E-06
198303   8.1370E-03  1.4610E-01  2.5618E-01  5.4680E-01  2.3562E+00  4.6160E-06
198304   8.0805E-03  1.4403E-01  1.8662E-01  3.8240E-01  1.6165E+00  4.5509E-06
198305   8.0991E-03  1.4221E-01  1.1775E-01  2.1810E-01  8.7570E-01  4.4936E-06
198306   8.1733E-03  1.4111E-01  6.8710E-02  9.9500E-02  3.4010E-01  4.4588E-06
198307   7.9246E-03  1.3978E-01  4.7630E-02  5.5500E-02  1.4840E-01  4.4167E-06
198308   8.0135E-03  1.4059E-01  6.8220E-02  1.0230E-01  3.5330E-01  4.4422E-06
198309   7.7651E-03  1.4110E-01  1.1265E-01  2.1440E-01  8.7110E-01  4.4581E-06
198310   7.8395E-03  1.4322E-01  1.8131E-01  3.7650E-01  1.6006E+00  4.5249E-06
198311   7.6619E-03  1.4451E-01  2.4771E-01  5.3930E-01  2.3405E+00  4.5653E-06
198312   7.6682E-03  1.4591E-01  2.9828E-01  6.5980E-01  2.8842E+00  4.6094E-06
198401   7.8572E-03  1.4699E-01  3.1703E-01  7.0020E-01  3.0639E+00  4.6447E-06
198402   8.2986E-03  1.4800E-01  3.0702E-01  6.6440E-01  2.8849E+00  4.6765E-06
198403   8.2019E-03  1.4632E-01  2.5808E-01  5.4940E-01  2.3635E+00  4.6231E-06
198404   7.9609E-03  1.4359E-01  1.8039E-01  3.7160E-01  1.5795E+00  4.5371E-06
198405   7.7181E-03  1.4087E-01  1.0719E-01  2.0430E-01  8.3600E-01  4.4516E-06
198406   7.3254E-03  1.3824E-01  5.1730E-02  8.2400E-02  2.9930E-01  4.3678E-06
198407   7.1014E-03  1.3696E-01  2.9680E-02  3.6100E-02  9.9100E-02  4.3276E-06
198408   6.8657E-03  1.3666E-01  4.2420E-02  7.2700E-02  2.7570E-01  4.3178E-06
198409   6.7764E-03  1.3769E-01  9.0280E-02  1.8900E-01  8.0360E-01  4.3507E-06
198410   6.7202E-03  1.3936E-01  1.5706E-01  3.4920E-01  1.5301E+00  4.4033E-06
198411   6.8042E-03  1.4150E-01  2.2721E-01  5.1450E-01  2.2723E+00  4.4712E-06
198412   6.8825E-03  1.4315E-01  2.8037E-01  6.3910E-01  2.8286E+00  4.5233E-06
198501   6.8458E-03  1.4353E-01  2.9749E-01  6.8060E-01  3.0193E+00  4.5353E-06
198502   6.8770E-03  1.4314E-01  2.7996E-01  6.3800E-01  2.8249E+00  4.5228E-06
198503   6.8062E-03  1.4151E-01  2.2763E-01  5.1530E-01  2.2752E+00  4.4714E-06
198504   6.7397E-03  1.3941E-01  1.5679E-01  3.4810E-01  1.5254E+00  4.4050E-06
198505   6.7386E-03  1.3755E-01  8.8280E-02  1.8520E-01  7.9080E-01  4.3464E-06
198506   6.6411E-03  1.3587E-01  3.7460E-02  6.6400E-02  2.5840E-01  4.2933E-06
198507   6.6506E-03  1.3540E-01  1.9270E-02  2.2800E-02  6.1500E-02  4.2785E-06
198508   6.6253E-03  1.3583E-01  3.7570E-02  6.6900E-02  2.6090E-01  4.2917E-06
198509   6.6218E-03  1.3717E-01  8.6900E-02  1.8440E-01  7.9150E-01  4.3340E-06
198510   6.7785E-03  1.3957E-01  1.5772E-01  3.4920E-01  1.5288E+00  4.4097E-06
198511   6.8256E-03  1.4159E-01  2.2823E-01  5.1620E-01  2.2776E+00  4.4738E-06
198512   6.9227E-03  1.4330E-01  2.8144E-01  6.4030E-01  2.8318E+00  4.5278E-06
198601   6.9209E-03  1.4380E-01  2.9994E-01  6.8440E-01  3.0315E+00  4.5437E-06
198602   7.1263E-03  1.4399E-01  2.8461E-01  6.4230E-01  2.8338E+00  4.5497E-06
198603   6.9774E-03  1.4211E-01  2.3128E-01  5.1930E-01  2.2849E+00  4.4903E-06
198604   6.8280E-03  1.3973E-01  1.5908E-01  3.5110E-01  1.5347E+00  4.4150E-06
198605   6.6763E-03  1.3733E-01  8.8520E-02  1.8720E-01  7.9980E-01  4.3395E-06
198606   6.4505E-03  1.3521E-01  3.4050E-02  6.3200E-02  2.5120E-01  4.2723E-06
198607   6.4748E-03  1.3480E-01  1.6220E-02  2.0100E-02  5.6900E-02  4.2595E-06
198608   6.4155E-03  1.3509E-01  3.2900E-02  6.1600E-02  2.4600E-01  4.2686E-06
198609   6.5384E-03  1.3687E-01  8.4930E-02  1.8210E-01  7.8500E-01  4.3247E-06
198610   6.8751E-03  1.3986E-01  1.5963E-01  3.5140E-01  1.5343E+00  4.4194E-06
198611   6.9440E-03  1.4197E-01  2.3064E-01  5.1830E-01  2.2829E+00  4.4862E-06
198612   6.8790E-03  1.4314E-01  2.7969E-01  6.3730E-01  2.8232E+00  4.5228E-06
198701   6.8468E-03  1.4353E-01  2.9775E-01  6.8110E-01  3.0218E+00  4.5352E-06
198702   6.7635E-03  1.4273E-01  2.7719E-01  6.3460E-01  2.8160E+00  4.5102E-06
198703   6.7163E-03  1.4118E-01  2.2569E-01  5.1290E-01  2.2692E+00  4.4613E-06
198704   6.7971E-03  1.3958E-01  1.5742E-01  3.4820E-01  1.5244E+00  4.4108E-06
198705   6.7595E-03  1.3758E-01  8.9500E-02  1.8710E-01  7.9700E-01  4.3479E-06
198706   6.6250E-03  1.3577E-01  3.8050E-02  6.7900E-02  2.6440E-01  4.2907E-06
198707   6.6902E-03  1.3551E-01  2.0910E-02  2.5400E-02  7.0200E-02  4.2822E-06
198708   6.7904E-03  1.3635E-01  4.0220E-02  6.8500E-02  2.6200E-01  4.3088E-06
198709   6.8185E-03  1.3781E-01  9.1050E-02  1.8880E-01  8.0270E-01  4.3547E-06
198710   7.0981E-03  1.4061E-01  1.6488E-01  3.5750E-01  1.5505E+00  4.4435E-06
198711   7.3125E-03  1.4322E-01  2.3887E-01  5.2800E-01  2.3087E+00  4.5258E-06
198712   7.3023E-03  1.4456E-01  2.8990E-01  6.4960E-01  2.8569E+00  4.5683E-06
198801   7.6077E-03  1.4611E-01  3.1512E-01  7.0180E-01  3.0767E+00  4.6173E-06
198802   7.6746E-03  1.4583E-01  2.9807E-01  6.5940E-01  2.8824E+00  4.6084E-06
198803   7.7016E-03  1.4453E-01  2.4657E-01  5.3590E-01  2.3263E+00  4.5675E-06
198804   7.8460E-03  1.4312E-01  1.8130E-01  3.7610E-01  1.5986E+00  4.5235E-06
198805   7.7569E-03  1.4097E-01  1.1340E-01  2.1660E-01  8.7930E-01  4.4553E-06
198806   8.0001E-03  1.4041E-01  6.5490E-02  9.5900E-02  3.3030E-01  4.4383E-06
198807   8.0214E-03  1.3995E-01  4.6820E-02  5.1300E-02  1.2940E-01  4.4244E-06
198808   8.2361E-03  1.4118E-01  7.1070E-02  1.0320E-01  3.5080E-01  4.4632E-06
198809   8.6168E-03  1.4382E-01  1.3008E-01  2.3360E-01  9.1990E-01  4.5469E-06
198810   8.8152E-03  1.4630E-01  2.0033E-01  3.9620E-01  1.6479E+00  4.6262E-06
198811   8.8002E-03  1.4818E-01  2.6902E-01  5.6040E-01  2.3887E+00  4.6846E-06
198812   9.4772E-03  1.5177E-01  3.3321E-01  6.9480E-01  2.9652E+00  4.7997E-06
198901   9.9343E-03  1.5374E-01  3.6173E-01  7.5140E-01  3.1969E+00  4.8635E-06
198902   9.9069E-03  1.5316E-01  3.4484E-01  7.1150E-01  3.0141E+00  4.8449E-06
198903   9.5188E-03  1.5052E-01  2.8407E-01  5.7650E-01  2.4280E+00  4.7604E-06
198904   9.2587E-03  1.4777E-01  2.1094E-01  4.0980E-01  1.6858E+00  4.6732E-06
198905   9.5416E-03  1.4689E-01  1.4862E-01  2.5360E-01  9.7070E-01  4.6454E-06
198906   1.0032E-02  1.4719E-01  1.0512E-01  1.3540E-01  4.2360E-01  4.6553E-06
198907   9.5231E-03  1.4499E-01  8.2070E-02  9.5800E-02  2.5710E-01  4.5853E-06
198908   9.7243E-03  1.4616E-01  1.0001E-01  1.3180E-01  4.1910E-01  4.6224E-06
198909   9.7763E-03  1.4769E-01  1.4930E-01  2.4780E-01  9.4220E-01  4.6707E-06
198910   9.9786E-03  1.5023E-01  2.2655E-01  4.2760E-01  1.7343E+00  4.7512E-06
198911   1.0420E-02  1.5359E-01  3.0352E-01  5.9900E-01  2.4891E+00  4.8578E-06
198912   1.0351E-02  1.5474E-01  3.5311E-01  7.1920E-01  3.0333E+00  4.8939E-06
199001   1.0206E-02  1.5476E-01  3.6923E-01  7.6130E-01  3.2290E+00  4.8945E-06
199002   9.6334E-03  1.5233E-01  3.3862E-01  7.0380E-01  2.9959E+00  4.8171E-06
199003   9.5142E-03  1.5054E-01  2.8487E-01  5.7920E-01  2.4398E+00  4.7604E-06
199004   9.5206E-03  1.4868E-01  2.1757E-01  4.1880E-01  1.7133E+00  4.7019E-06
199005   9.1845E-03  1.4569E-01  1.4056E-01  2.4390E-01  9.4340E-01  4.6071E-06
199006   8.9922E-03  1.4369E-01  8.8250E-02  1.2490E-01  4.1240E-01  4.5438E-06
199007   9.0154E-03  1.4328E-01  6.8320E-02  7.5800E-02  1.9510E-01  4.5309E-06
199008   9.4731E-03  1.4531E-01  9.3360E-02  1.2250E-01  3.9060E-01  4.5954E-06
199009   9.3581E-03  1.4627E-01  1.4558E-01  2.5150E-01  9.6670E-01  4.6257E-06
199010   9.4695E-03  1.4852E-01  2.1457E-01  4.1270E-01  1.6922E+00  4.6966E-06
199011   9.1278E-03  1.4927E-01  2.7105E-01  5.5500E-01  2.3624E+00  4.7197E-06
199012   9.4585E-03  1.5177E-01  3.3248E-01  6.9330E-01  2.9614E+00  4.7989E-06
199101   9.8774E-03  1.5370E-01  3.5763E-01  7.4130E-01  3.1628E+00  4.8600E-06
199102   1.0360E-02  1.5486E-01  3.5019E-01  7.1080E-01  3.0017E+00  4.8965E-06
199103   1.0359E-02  1.5350E-01  3.0269E-01  5.9800E-01  2.4849E+00  4.8532E-06
199104   9.9822E-03  1.5042E-01  2.2862E-01  4.3230E-01  1.7504E+00  4.7546E-06
199105   9.5347E-03  1.4708E-01  1.4702E-01  2.4900E-01  9.5220E-01  4.6484E-06
199106   9.6513E-03  1.4614E-01  9.9070E-02  1.3130E-01  4.1730E-01  4.6185E-06
199107   9.8950E-03  1.4647E-01  8.7420E-02  9.7000E-02  2.4940E-01  4.6291E-06
199108   9.9949E-03  1.4730E-01  1.0716E-01  1.4120E-01  4.4590E-01  4.6555E-06
199109   9.7694E-03  1.4790E-01  1.5466E-01  2.6150E-01  9.9280E-01  4.6741E-06
199110   9.8558E-03  1.5006E-01  2.2004E-01  4.1370E-01  1.6843E+00  4.7423E-06
199111   9.6534E-03  1.5127E-01  2.8833E-01  5.8300E-01  2.4495E+00  4.7800E-06
199112   1.0044E-02  1.5397E-01  3.4179E-01  6.9830E-01  2.9638E+00  4.8657E-06
199201   1.0617E-02  1.5642E-01  3.7601E-01  7.6540E-01  3.2334E+00  4.9434E-06
199202   1.0801E-02  1.5653E-01  3.6056E-01  7.2340E-01  3.0372E+00  4.9471E-06
199203   9.9529E-03  1.5229E-01  2.9557E-01  5.9230E-01  2.4770E+00  4.8123E-06
199204   9.3857E-03  1.4848E-01  2.1425E-01  4.1360E-01  1.6973E+00  4.6919E-06
199205   8.5506E-03  1.4381E-01  1.2818E-01  2.3090E-01  9.1290E-01  4.5434E-06
199206   8.0861E-03  1.4086E-01  6.9090E-02  1.0270E-01  3.5340E-01  4.4504E-06
199207   8.1274E-03  1.4050E-01  5.0520E-02  5.7000E-02  1.4800E-01  4.4391E-06
199208   8.0863E-03  1.4088E-01  6.6790E-02  9.6500E-02  3.3180E-01  4.4507E-06
199209   8.0766E-03  1.4220E-01  1.1731E-01  2.1760E-01  8.7600E-01  4.4923E-06
199210   8.2624E-03  1.4467E-01  1.8838E-01  3.8160E-01  1.6079E+00  4.5708E-06
199211   8.6350E-03  1.4781E-01  2.6551E-01  5.5570E-01  2.3749E+00  4.6701E-06
199212   8.7139E-03  1.4945E-01  3.1978E-01  6.8310E-01  2.9421E+00  4.7222E-06
199301   8.4261E-03  1.4901E-01  3.3273E-01  7.2170E-01  3.1287E+00  4.7078E-06
199302   8.4588E-03  1.4859E-01  3.1116E-01  6.6900E-01  2.8972E+00  4.6948E-06
199303   8.5006E-03  1.4733E-01  2.6381E-01  5.5570E-01  2.3790E+00  4.6553E-06
199304   8.0757E-03  1.4404E-01  1.8690E-01  3.8340E-01  1.6195E+00  4.5508E-06
199305   7.7191E-03  1.4099E-01  1.1031E-01  2.1070E-01  8.5880E-01  4.4540E-06
199306   7.5821E-03  1.3914E-01  5.8150E-02  8.9900E-02  3.1930E-01  4.3959E-06
199307   7.2865E-03  1.3762E-01  3.3780E-02  4.0000E-02  1.0760E-01  4.3481E-06
199308   7.1169E-03  1.3755E-01  4.7870E-02  7.8200E-02  2.8920E-01  4.3456E-06
199309   6.9491E-03  1.3834E-01  9.3920E-02  1.9230E-01  8.1130E-01  4.3702E-06
199310   7.1499E-03  1.4085E-01  1.6454E-01  3.5610E-01  1.5439E+00  4.4500E-06
199311   7.2169E-03  1.4296E-01  2.3482E-01  5.2160E-01  2.2876E+00  4.5165E-06
199312   7.5119E-03  1.4534E-01  2.9291E-01  6.5170E-01  2.8581E+00  4.5921E-06
199401   7.6114E-03  1.4617E-01  3.1193E-01  6.9480E-01  3.0507E+00  4.6185E-06
199402   7.4675E-03  1.4518E-01  2.9278E-01  6.5250E-01  2.8628E+00  4.5870E-06
199403   7.2510E-03  1.4309E-01  2.3784E-01  5.2770E-01  2.3083E+00  4.5205E-06
199404   6.8157E-03  1.3971E-01  1.5923E-01  3.5190E-01  1.5368E+00  4.4140E-06
199405   6.7279E-03  1.3755E-01  8.8690E-02  1.8630E-01  7.9450E-01  4.3458E-06
199406   6.5801E-03  1.3567E-01  3.6080E-02  6.4800E-02  2.5370E-01  4.2868E-06
199407   6.6363E-03  1.3539E-01  1.8840E-02  2.2100E-02  6.0000E-02  4.2775E-06
199408   6.5226E-03  1.3547E-01  3.4490E-02  6.2900E-02  2.4810E-01  4.2804E-06
199409   6.6400E-03  1.3722E-01  8.5990E-02  1.8230E-01  7.8280E-01  4.3357E-06
199410   6.9091E-03  1.4000E-01  1.6034E-01  3.5220E-01  1.5357E+00  4.4235E-06
199411   6.9049E-03  1.4186E-01  2.2966E-01  5.1740E-01  2.2808E+00  4.4824E-06
199412   7.0450E-03  1.4372E-01  2.8281E-01  6.4030E-01  2.8291E+00  4.5412E-06
199501   6.9884E-03  1.4402E-01  3.0097E-01  6.8520E-01  3.0321E+00  4.5509E-06
199502   7.1074E-03  1.4396E-01  2.8448E-01  6.4290E-01  2.8369E+00  4.5484E-06
199503   6.9605E-03  1.4206E-01  2.3017E-01  5.1730E-01  2.2781E+00  4.4885E-06
199504   6.6778E-03  1.3919E-01  1.5563E-01  3.4710E-01  1.5232E+00  4.3983E-06
199505   6.5375E-03  1.3687E-01  8.4340E-02  1.8100E-01  7.8060E-01  4.3248E-06
199506   6.4810E-03  1.3533E-01  3.3770E-02  6.2000E-02  2.4590E-01  4.2760E-06
199507   6.4693E-03  1.3481E-01  1.5250E-02  1.8200E-02  4.9300E-02  4.2594E-06
199508   6.4730E-03  1.3529E-01  3.3780E-02  6.2300E-02  2.4760E-01  4.2749E-06
199509   6.4724E-03  1.3665E-01  8.3170E-02  1.8000E-01  7.7880E-01  4.3177E-06
199510   6.6435E-03  1.3908E-01  1.5455E-01  3.4550E-01  1.5188E+00  4.3947E-06
199511   6.6414E-03  1.4094E-01  2.2351E-01  5.1010E-01  2.2604E+00  4.4535E-06
199512   6.6270E-03  1.4225E-01  2.7379E-01  6.3030E-01  2.8033E+00  4.4953E-06
199601   6.6542E-03  1.4285E-01  2.9294E-01  6.7550E-01  3.0057E+00  4.5143E-06
199602   6.4971E-03  1.4178E-01  2.7091E-01  6.2740E-01  2.7955E+00  4.4808E-06
199603   6.3895E-03  1.4004E-01  2.1757E-01  5.0290E-01  2.2409E+00  4.4256E-06
199604   6.2723E-03  1.3775E-01  1.4642E-01  3.3650E-01  1.4956E+00  4.3536E-06
199605   6.2769E-03  1.3594E-01  7.8350E-02  1.7400E-01  7.6250E-01  4.2958E-06
199606   6.2194E-03  1.3439E-01  2.7630E-02  5.4700E-02  2.2680E-01  4.2470E-06
199607   6.2290E-03  1.3394E-01  9.5900E-03  1.1500E-02  3.1100E-02  4.2325E-06
199608   6.2899E-03  1.3465E-01  2.9150E-02  5.6400E-02  2.3090E-01  4.2549E-06
199609   6.3104E-03  1.3605E-01  7.9460E-02  1.7590E-01  7.6790E-01  4.2996E-06
199610   6.3261E-03  1.3796E-01  1.4791E-01  3.3850E-01  1.5010E+00  4.3598E-06
199611   6.5526E-03  1.4061E-01  2.2057E-01  5.0540E-01  2.2451E+00  4.4435E-06
199612   6.7236E-03  1.4257E-01  2.7611E-01  6.3350E-01  2.8122E+00  4.5055E-06
199701   6.6311E-03  1.4277E-01  2.9264E-01  6.7520E-01  3.0061E+00  4.5117E-06
199702   6.5989E-03  1.4214E-01  2.7309E-01  6.2980E-01  2.8023E+00  4.4920E-06
199703   6.5456E-03  1.4058E-01  2.2164E-01  5.0820E-01  2.2557E+00  4.4426E-06
199704   6.4347E-03  1.3833E-01  1.5007E-01  3.4070E-01  1.5066E+00  4.3715E-06
199705   6.4390E-03  1.3649E-01  8.2210E-02  1.7880E-01  7.7530E-01  4.3133E-06
199706   6.3217E-03  1.3474E-01  3.0120E-02  5.7600E-02  2.3480E-01  4.2580E-06
199707   6.2683E-03  1.3407E-01  1.1070E-02  1.3700E-02  3.8800E-02  4.2366E-06
199708   6.4593E-03  1.3522E-01  3.3320E-02  6.1600E-02  2.4540E-01  4.2730E-06
199709   6.8425E-03  1.3784E-01  9.0040E-02  1.8640E-01  7.9250E-01  4.3564E-06
199710   6.8243E-03  1.3967E-01  1.5974E-01  3.5300E-01  1.5410E+00  4.4137E-06
199711   7.1660E-03  1.4271E-01  2.3456E-01  5.2210E-01  2.2904E+00  4.5098E-06
199712   7.2506E-03  1.4437E-01  2.8744E-01  6.4600E-01  2.8442E+00  4.5623E-06
199801   7.2280E-03  1.4481E-01  3.0630E-01  6.9160E-01  3.0500E+00  4.5761E-06
199802   7.0980E-03  1.4385E-01  2.8417E-01  6.4210E-01  2.8346E+00  4.5459E-06
199803   7.2412E-03  1.4293E-01  2.3608E-01  5.2330E-01  2.2928E+00  4.5172E-06
199804   7.3865E-03  1.4158E-01  1.7167E-01  3.6610E-01  1.5744E+00  4.4743E-06
199805   7.2426E-03  1.3922E-01  9.9550E-02  1.9800E-01  8.2490E-01  4.3998E-06
199806   7.2982E-03  1.3807E-01  5.1680E-02  8.2200E-02  2.9890E-01  4.3634E-06
199807   7.6267E-03  1.3870E-01  4.1250E-02  4.8600E-02  1.3050E-01  4.3833E-06
199808   7.7902E-03  1.3973E-01  6.1030E-02  9.1300E-02  3.1850E-01  4.4162E-06
199809   7.9825E-03  1.4173E-01  1.1532E-01  2.1510E-01  8.6810E-01  4.4794E-06
199810   7.8227E-03  1.4309E-01  1.8250E-01  3.7940E-01  1.6116E+00  4.5218E-06
199811   8.1954E-03  1.4619E-01  2.5774E-01  5.4880E-01  2.3612E+00  4.6205E-06
199812   8.5671E-03  1.4880E-01  3.1734E-01  6.8080E-01  2.9371E+00  4.7036E-06
199901   8.5599E-03  1.4930E-01  3.3690E-01  7.2760E-01  3.1472E+00  4.7192E-06
199902   8.1765E-03  1.4745E-01  3.0814E-01  6.6930E-01  2.9059E+00  4.6612E-06
199903   7.9646E-03  1.4539E-01  2.5392E-01  5.4570E-01  2.3562E+00  4.5953E-06
199904   7.5964E-03  1.4232E-01  1.7669E-01  3.7200E-01  1.5905E+00  4.4975E-06
199905   8.1791E-03  1.4237E-01  1.2054E-01  2.2240E-01  8.8940E-01  4.5002E-06
199906   8.4807E-03  1.4201E-01  7.5620E-02  1.0800E-01  3.6320E-01  4.4895E-06
199907   8.3861E-03  1.4117E-01  5.5950E-02  6.3500E-02  1.6600E-01  4.4634E-06
199908   8.4434E-03  1.4187E-01  7.6040E-02  1.0940E-01  3.6930E-01  4.4853E-06
199909   8.0569E-03  1.4202E-01  1.1958E-01  2.2270E-01  8.9380E-01  4.4883E-06
199910   8.5328E-03  1.4545E-01  1.9328E-01  3.8760E-01  1.6243E+00  4.5976E-06
199911   9.0448E-03  1.4900E-01  2.7164E-01  5.6140E-01  2.3865E+00  4.7108E-06
199912   9.0666E-03  1.5049E-01  3.2551E-01  6.8780E-01  2.9509E+00  4.7575E-06
200001   9.0264E-03  1.5090E-01  3.4640E-01  7.3760E-01  3.1713E+00  4.7699E-06
200002   9.1702E-03  1.5081E-01  3.2895E-01  6.9290E-01  2.9668E+00  4.7681E-06
200003   9.5288E-03  1.5058E-01  2.8152E-01  5.7210E-01  2.4133E+00  4.7620E-06
200004   9.3602E-03  1.4817E-01  2.1206E-01  4.0960E-01  1.6833E+00  4.6854E-06
200005   8.7976E-03  1.4439E-01  1.3055E-01  2.3120E-01  9.0600E-01  4.5656E-06
200006   8.7632E-03  1.4295E-01  8.0880E-02  1.1320E-01  3.7450E-01  4.5197E-06
200007   9.2368E-03  1.4397E-01  7.1950E-02  7.9900E-02  2.0480E-01  4.5538E-06
200008   8.8864E-03  1.4344E-01  8.7200E-02  1.2390E-01  4.1000E-01  4.5345E-06
200009   8.8583E-03  1.4469E-01  1.3186E-01  2.3280E-01  9.1100E-01  4.5739E-06
200010   9.0399E-03  1.4718E-01  2.0975E-01  4.1100E-01  1.6961E+00  4.6525E-06
200011   9.4081E-03  1.5030E-01  2.8351E-01  5.7820E-01  2.4380E+00  4.7513E-06
200012   9.3668E-03  1.5158E-01  3.3459E-01  7.0070E-01  2.9897E+00  4.7912E-06
200101   9.1678E-03  1.5144E-01  3.4914E-01  7.4050E-01  3.1788E+00  4.7863E-06
200102   8.8757E-03  1.5000E-01  3.2564E-01  6.9170E-01  2.9694E+00  4.7396E-06
200103   8.8473E-03  1.4838E-01  2.6925E-01  5.6010E-01  2.3861E+00  4.6905E-06
200104   8.7959E-03  1.4633E-01  1.9860E-01  3.9340E-01  1.6371E+00  4.6257E-06
200105   8.4868E-03  1.4348E-01  1.2700E-01  2.2980E-01  9.0860E-01  4.5348E-06
200106   8.7326E-03  1.4295E-01  8.0790E-02  1.1360E-01  3.7690E-01  4.5182E-06
200107   8.1170E-03  1.4044E-01  5.2780E-02  6.2300E-02  1.6810E-01  4.4375E-06
200108   8.3313E-03  1.4160E-01  7.2670E-02  1.0500E-01  3.5500E-01  4.4751E-06
200109   9.4204E-03  1.4642E-01  1.4157E-01  2.4160E-01  9.2830E-01  4.6313E-06
200110   9.7057E-03  1.4931E-01  2.1909E-01  4.1770E-01  1.7036E+00  4.7223E-06
200111   9.6792E-03  1.5111E-01  2.8627E-01  5.7870E-01  2.4335E+00  4.7787E-06
200112   1.0371E-02  1.5482E-01  3.5289E-01  7.1900E-01  3.0321E+00  4.8967E-06
200201   1.0687E-02  1.5639E-01  3.8113E-01  7.7680E-01  3.2723E+00  4.9469E-06
200202   1.0184E-02  1.5429E-01  3.5189E-01  7.2020E-01  3.0408E+00  4.8784E-06
200203   9.5713E-03  1.5091E-01  2.8845E-01  5.8500E-01  2.4577E+00  4.7700E-06
200204   9.4309E-03  1.4851E-01  2.1236E-01  4.0910E-01  1.6792E+00  4.6947E-06
200205   9.1438E-03  1.4565E-01  1.3896E-01  2.4140E-01  9.3430E-01  4.6047E-06
200206   8.5757E-03  1.4248E-01  7.8760E-02  1.1260E-01  3.7630E-01  4.5025E-06
200207   8.3916E-03  1.4126E-01  5.1960E-02  5.5500E-02  1.3660E-01  4.4651E-06
200208   8.6735E-03  1.4267E-01  7.7580E-02  1.0850E-01  3.5930E-01  4.5104E-06
200209   8.8153E-03  1.4453E-01  1.3069E-01  2.3120E-01  9.0610E-01  4.5690E-06
200210   8.8183E-03  1.4647E-01  1.9983E-01  3.9550E-01  1.6444E+00  4.6292E-06
200211   8.8687E-03  1.4849E-01  2.6980E-01  5.6080E-01  2.3875E+00  4.6934E-06
200212   9.0163E-03  1.5045E-01  3.2721E-01  6.9230E-01  2.9676E+00  4.7543E-06
200301   8.7089E-03  1.4994E-01  3.3899E-01  7.2860E-01  3.1462E+00  4.7377E-06
200302   8.1491E-03  1.4757E-01  3.0926E-01  6.7250E-01  2.9181E+00  4.6620E-06
200303   8.1522E-03  1.4615E-01  2.5506E-01  5.4470E-01  2.3469E+00  4.6178E-06
200304   7.9223E-03  1.4351E-01  1.8129E-01  3.7510E-01  1.5929E+00  4.5340E-06
200305   7.5316E-03  1.4030E-01  1.0527E-01  2.0420E-01  8.3930E-01  4.4327E-06
200306   7.5222E-03  1.3890E-01  5.4310E-02  8.3300E-02  2.9660E-01  4.3888E-06
200307   7.7577E-03  1.3923E-01  4.2070E-02  4.7200E-02  1.2190E-01  4.3989E-06
200308   7.7171E-03  1.3960E-01  5.9980E-02  9.1000E-02  3.2040E-01  4.4104E-06
200309   7.5844E-03  1.4051E-01  1.0805E-01  2.0870E-01  8.5440E-01  4.4390E-06
200310   7.8123E-03  1.4301E-01  1.7211E-01  3.5820E-01  1.5347E+00  4.5198E-06
200311   8.0255E-03  1.4569E-01  2.5158E-01  5.4020E-01  2.3334E+00  4.6035E-06
200312   7.8443E-03  1.4652E-01  3.0019E-01  6.6050E-01  2.8821E+00  4.6287E-06
200401   7.7283E-03  1.4664E-01  3.1522E-01  6.9970E-01  3.0656E+00  4.6324E-06
200402   7.6452E-03  1.4585E-01  2.9538E-01  6.5440E-01  2.8641E+00  4.6075E-06
200403   7.5432E-03  1.4410E-01  2.4265E-01  5.3130E-01  2.3141E+00  4.5524E-06
200404   7.3065E-03  1.4146E-01  1.6951E-01  3.6310E-01  1.5653E+00  4.4684E-06
200405   7.0457E-03  1.3867E-01  9.4420E-02  1.9180E-01  8.0650E-01  4.3808E-06
200406   6.9573E-03  1.3702E-01  4.2770E-02  7.1400E-02  2.6790E-01  4.3285E-06
200407   7.0992E-03  1.3695E-01  2.5230E-02  2.6600E-02  6.3600E-02  4.3271E-06
200408   7.0940E-03  1.3745E-01  4.4010E-02  7.0800E-02  2.6270E-01  4.3427E-06
200409   7.1105E-03  1.3890E-01  9.6370E-02  1.9460E-01  8.1540E-01  4.3878E-06
200410   7.2137E-03  1.4111E-01  1.6668E-01  3.5910E-01  1.5528E+00  4.4578E-06
200411   7.4111E-03  1.4364E-01  2.3842E-01  5.2530E-01  2.2956E+00  4.5378E-06
200412   7.3073E-03  1.4471E-01  2.8914E-01  6.4840E-01  2.8511E+00  4.5711E-06
200501   7.3053E-03  1.4514E-01  3.0392E-01  6.8490E-01  3.0231E+00  4.5856E-06
200502   7.2531E-03  1.4448E-01  2.8679E-01  6.4440E-01  2.8382E+00  4.5645E-06
200503   6.9425E-03  1.4201E-01  2.2931E-01  5.1620E-01  2.2742E+00  4.4869E-06
200504   6.7640E-03  1.3954E-01  1.5658E-01  3.4760E-01  1.5226E+00  4.4086E-06
200505   6.8941E-03  1.3815E-01  9.0050E-02  1.8590E-01  7.8870E-01  4.3642E-06
200506   6.7064E-03  1.3613E-01  3.6490E-02  6.3100E-02  2.4380E-01  4.3008E-06
200507   6.7579E-03  1.3581E-01  1.9640E-02  2.1500E-02  5.4000E-02  4.2908E-06
200508   6.7707E-03  1.3636E-01  3.9070E-02  6.7100E-02  2.5690E-01  4.3080E-06
200509   6.6762E-03  1.3736E-01  8.5520E-02  1.8090E-01  7.7610E-01  4.3400E-06
200510   6.5065E-03  1.3864E-01  1.5166E-01  3.4260E-01  1.5116E+00  4.3804E-06
200511   6.6864E-03  1.4111E-01  2.2308E-01  5.0840E-01  2.2526E+00  4.4586E-06
200512   6.9808E-03  1.4354E-01  2.8016E-01  6.3650E-01  2.8165E+00  4.5349E-06
200601   6.8472E-03  1.4356E-01  2.9713E-01  6.8020E-01  3.0178E+00  4.5360E-06
200602   6.6053E-03  1.4221E-01  2.7333E-01  6.3000E-01  2.8027E+00  4.4935E-06
200603   6.4655E-03  1.4035E-01  2.1918E-01  5.0490E-01  2.2457E+00  4.4347E-06
200604   6.6914E-03  1.3930E-01  1.5434E-01  3.4440E-01  1.5128E+00  4.4007E-06
200605   6.5446E-03  1.3694E-01  8.4270E-02  1.8100E-01  7.8000E-01  4.3263E-06
200606   6.3379E-03  1.3484E-01  2.9810E-02  5.7000E-02  2.3100E-01  4.2606E-06
200607   6.2919E-03  1.3420E-01  1.0340E-02  1.1900E-02  3.1100E-02  4.2401E-06
200608   6.2659E-03  1.3455E-01  2.7050E-02  5.2700E-02  2.1760E-01  4.2518E-06
200609   6.2726E-03  1.3592E-01  7.7780E-02  1.7320E-01  7.5930E-01  4.2953E-06
200610   6.2728E-03  1.3778E-01  1.4609E-01  3.3610E-01  1.4929E+00  4.3541E-06
200611   6.5837E-03  1.4073E-01  2.1970E-01  5.0350E-01  2.2377E+00  4.4470E-06
200612   6.6228E-03  1.4225E-01  2.7192E-01  6.2690E-01  2.7906E+00  4.4952E-06
200701   6.6789E-03  1.4295E-01  2.9184E-01  6.7270E-01  2.9947E+00  4.5172E-06
200702   6.5251E-03  1.4191E-01  2.7037E-01  6.2560E-01  2.7882E+00  4.4845E-06
200703   6.3198E-03  1.3982E-01  2.1575E-01  5.0080E-01  2.2345E+00  4.4184E-06
200704   6.1930E-03  1.3750E-01  1.4388E-01  3.3310E-01  1.4845E+00  4.3454E-06
200705   6.1629E-03  1.3556E-01  7.4690E-02  1.6910E-01  7.4680E-01  4.2837E-06
200706   6.1780E-03  1.3426E-01  2.5950E-02  5.2200E-02  2.1850E-01  4.2426E-06
200707   6.0964E-03  1.3349E-01  5.8800E-03  6.6000E-03  1.6600E-02  4.2183E-06
200708   6.0352E-03  1.3374E-01  2.2950E-02  4.9100E-02  2.1040E-01  4.2267E-06
200709   5.9811E-03  1.3489E-01  7.1180E-02  1.6550E-01  7.3860E-01  4.2633E-06
200710   6.0580E-03  1.3701E-01  1.4094E-01  3.2990E-01  1.4763E+00  4.3303E-06
200711   6.1432E-03  1.3917E-01  2.1152E-01  4.9570E-01  2.2208E+00  4.3986E-06
200712   6.3541E-03  1.4129E-01  2.6673E-01  6.2150E-01  2.7786E+00  4.4652E-06
200801   6.4012E-03  1.4197E-01  2.8693E-01  6.6820E-01  2.9854E+00  4.4867E-06
200802   6.3091E-03  1.4114E-01  2.6594E-01  6.2100E-01  2.7777E+00  4.4606E-06
200803   6.2622E-03  1.3960E-01  2.1361E-01  4.9760E-01  2.2251E+00  4.4119E-06
200804   6.1437E-03  1.3732E-01  1.4299E-01  3.3230E-01  1.4829E+00  4.3400E-06
200805   6.0165E-03  1.3502E-01  7.2020E-02  1.6660E-01  7.4140E-01  4.2673E-06
200806   5.8899E-03  1.3322E-01  1.9530E-02  4.5000E-02  1.9920E-01  4.2106E-06
200807   5.8243E-03  1.3250E-01  0.0000E+00  0.0000E+00  0.0000E+00  4.1879E-06
200808   5.8381E-03  1.3304E-01  1.8260E-02  4.3300E-02  1.9490E-01  4.2049E-06
200809   5.8781E-03  1.3452E-01  6.8690E-02  1.6240E-01  7.3030E-01  4.2517E-06
200810   6.0069E-03  1.3682E-01  1.3969E-01  3.2830E-01  1.4720E+00  4.3244E-06
200811   6.1456E-03  1.3916E-01  2.1151E-01  4.9560E-01  2.2207E+00  4.3986E-06
200812   6.1929E-03  1.4070E-01  2.6327E-01  6.1760E-01  2.7687E+00  4.4473E-06
200901   6.2437E-03  1.4139E-01  2.8307E-01  6.6340E-01  2.9726E+00  4.4689E-06
200902   6.1970E-03  1.4072E-01  2.6332E-01  6.1800E-01  2.7695E+00  4.4478E-06
200903   6.1140E-03  1.3906E-01  2.1076E-01  4.9490E-01  2.2186E+00  4.3952E-06
200904   6.0094E-03  1.3683E-01  1.3976E-01  3.2840E-01  1.4724E+00  4.3248E-06
200905   6.0091E-03  1.3499E-01  7.1910E-02  1.6640E-01  7.4120E-01  4.2664E-06
200906   5.9272E-03  1.3335E-01  2.0510E-02  4.6100E-02  2.0270E-01  4.2147E-06
200907   5.8655E-03  1.3264E-01  8.9000E-04  1.0000E-03  2.6000E-03  4.1924E-06
200908   5.8380E-03  1.3304E-01  1.8310E-02  4.3400E-02  1.9550E-01  4.2049E-06
200909   5.9550E-03  1.3479E-01  7.0550E-02  1.6470E-01  7.3620E-01  4.2602E-06
200910   6.0650E-03  1.3701E-01  1.4102E-01  3.2980E-01  1.4762E+00  4.3307E-06
200911   6.2404E-03  1.3951E-01  2.1398E-01  4.9870E-01  2.2294E+00  4.4092E-06
200912   6.3639E-03  1.4130E-01  2.6706E-01  6.2210E-01  2.7801E+00  4.4660E-06
201001   6.5293E-03  1.4238E-01  2.8955E-01  6.7120E-01  2.9929E+00  4.4999E-06
201002   6.6527E-03  1.4231E-01  2.7426E-01  6.3080E-01  2.8047E+00  4.4975E-06
201003   6.5678E-03  1.4065E-01  2.2108E-01  5.0670E-01  2.2497E+00  4.4450E-06
201004   6.3762E-03  1.3813E-01  1.4871E-01  3.3930E-01  1.5024E+00  4.3653E-06
201005   6.1988E-03  1.3565E-01  7.6440E-02  1.7190E-01  7.5580E-01  4.2872E-06
201006   6.0854E-03  1.3391E-01  2.4320E-02  5.0600E-02  2.1460E-01  4.2320E-06
201007   6.2594E-03  1.3404E-01  1.0180E-02  1.2200E-02  3.2700E-02  4.2357E-06
201008   6.3364E-03  1.3480E-01  2.9610E-02  5.6500E-02  2.2940E-01  4.2598E-06
201009   6.5131E-03  1.3674E-01  8.3080E-02  1.7890E-01  7.7380E-01  4.3213E-06
201010   6.5051E-03  1.3857E-01  1.5076E-01  3.4070E-01  1.5042E+00  4.3790E-06
201011   6.5981E-03  1.4077E-01  2.2209E-01  5.0810E-01  2.2541E+00  4.4485E-06
201012   6.6611E-03  1.4235E-01  2.7376E-01  6.2970E-01  2.7999E+00  4.4986E-06
201101   6.6378E-03  1.4276E-01  2.9207E-01  6.7400E-01  3.0003E+00  4.5119E-06
201102   6.7673E-03  1.4271E-01  2.7572E-01  6.3170E-01  2.8049E+00  4.5101E-06
201103   7.1517E-03  1.4264E-01  2.3280E-01  5.1900E-01  2.2792E+00  4.5079E-06
201104   7.3254E-03  1.4141E-01  1.6964E-01  3.6290E-01  1.5640E+00  4.4683E-06
201105   6.8862E-03  1.3806E-01  9.2450E-02  1.9070E-01  8.0680E-01  4.3624E-06
201106   6.8519E-03  1.3662E-01  4.1720E-02  7.0900E-02  2.6850E-01  4.3165E-06
201107   6.7229E-03  1.3568E-01  2.0290E-02  2.3600E-02  6.2100E-02  4.2868E-06
201108   6.8704E-03  1.3668E-01  4.0410E-02  6.7900E-02  2.5780E-01  4.3182E-06
201109   7.4585E-03  1.4002E-01  1.0191E-01  1.9860E-01  8.2160E-01  4.4243E-06
201110   7.8680E-03  1.4327E-01  1.7941E-01  3.7220E-01  1.5843E+00  4.5270E-06
201111   8.3547E-03  1.4676E-01  2.5925E-01  5.4900E-01  2.3586E+00  4.6382E-06
201112   8.2367E-03  1.4778E-01  3.0875E-01  6.6970E-01  2.9052E+00  4.6696E-06
201201   7.9481E-03  1.4729E-01  3.2098E-01  7.0690E-01  3.0864E+00  4.6544E-06
201202   7.4146E-03  1.4498E-01  2.9154E-01  6.5090E-01  2.8577E+00  4.5809E-06
201203   7.3648E-03  1.4342E-01  2.3832E-01  5.2600E-01  2.2995E+00  4.5317E-06
201204   7.3234E-03  1.4141E-01  1.6922E-01  3.6210E-01  1.5614E+00  4.4683E-06
201205   7.4097E-03  1.3986E-01  1.0134E-01  1.9860E-01  8.2230E-01  4.4191E-06
201206   7.3021E-03  1.3814E-01  5.0430E-02  7.9500E-02  2.8900E-01  4.3647E-06
201207   7.3332E-03  1.3771E-01  3.0880E-02  3.3100E-02  8.1300E-02  4.3517E-06
201208   7.3137E-03  1.3816E-01  5.1690E-02  8.2000E-02  2.9740E-01  4.3657E-06
201209   7.5467E-03  1.4032E-01  1.0689E-01  2.0700E-01  8.4930E-01  4.4339E-06
201210   7.5637E-03  1.4222E-01  1.7412E-01  3.6750E-01  1.5748E+00  4.4940E-06
201211   7.5917E-03  1.4421E-01  2.4382E-01  5.3290E-01  2.3184E+00  4.5566E-06
201212   7.4417E-03  1.4512E-01  2.9190E-01  6.5100E-01  2.8578E+00  4.5849E-06
201301   7.8455E-03  1.4695E-01  3.1749E-01  7.0190E-01  3.0710E+00  4.6434E-06
201302   7.3583E-03  1.4480E-01  2.9002E-01  6.4890E-01  2.8525E+00  4.5752E-06
201303   7.4163E-03  1.4361E-01  2.4056E-01  5.2950E-01  2.3108E+00  4.5377E-06
201304   7.5651E-03  1.4224E-01  1.7351E-01  3.6610E-01  1.5699E+00  4.4945E-06
201305   7.8904E-03  1.4153E-01  1.1308E-01  2.1300E-01  8.6230E-01  4.4715E-06
201306   7.5502E-03  1.3904E-01  5.9850E-02  9.3700E-02  3.3480E-01  4.3926E-06
201307   7.5173E-03  1.3843E-01  4.1100E-02  4.9900E-02  1.3820E-01  4.3735E-06
201308   7.5502E-03  1.3904E-01  5.9850E-02  9.3700E-02  3.3480E-01  4.3926E-06
201309   7.6403E-03  1.4070E-01  1.1151E-01  2.1430E-01  8.7400E-01  4.4450E-06
201310   7.7643E-03  1.4298E-01  1.8243E-01  3.8010E-01  1.6154E+00  4.5171E-06
201311   7.8893E-03  1.4528E-01  2.5391E-01  5.4720E-01  2.3632E+00  4.5898E-06
201312   7.9814E-03  1.4698E-01  3.0660E-01  6.7040E-01  2.9144E+00  4.6435E-06
