197501   8.4453E-03  1.5099E-01  2.8513E-01  6.6490E-01  2.9736E+00  4.6449E-06
197502   8.4096E-03  1.5035E-01  2.6576E-01  6.1970E-01  2.7716E+00  4.6252E-06
197503   8.3126E-03  1.4862E-01  2.1301E-01  4.9670E-01  2.2210E+00  4.5718E-06
197504   8.1809E-03  1.4626E-01  1.4143E-01  3.2980E-01  1.4747E+00  4.4994E-06
197505   8.0503E-03  1.4393E-01  7.0460E-02  1.6420E-01  7.3410E-01  4.4276E-06
197506   7.9553E-03  1.4223E-01  1.8790E-02  4.3700E-02  1.9630E-01  4.3753E-06
197507   7.9207E-03  1.4161E-01  0.0000E+00  0.0000E+00  0.0000E+00  4.3563E-06
197508   7.9553E-03  1.4223E-01  1.8790E-02  4.3700E-02  1.9630E-01  4.3753E-06
197509   8.0503E-03  1.4393E-01  7.0460E-02  1.6420E-01  7.3410E-01  4.4276E-06
197510   8.1809E-03  1.4626E-01  1.4143E-01  3.2980E-01  1.4747E+00  4.4994E-06
197511   8.3126E-03  1.4862E-01  2.1301E-01  4.9670E-01  2.2210E+00  4.5718E-06
197512   8.4096E-03  1.5035E-01  2.6576E-01  6.1970E-01  2.7716E+00  4.6252E-06
197601   8.4453E-03  1.5099E-01  2.8513E-01  6.6490E-01  2.9736E+00  4.6449E-06
197602   8.4096E-03  1.5035E-01  2.6576E-01  6.1970E-01  2.7716E+00  4.6252E-06
197603   8.3126E-03  1.4862E-01  2.1301E-01  4.9670E-01  2.2210E+00  4.5718E-06
197604   8.1809E-03  1.4626E-01  1.4143E-01  3.2980E-01  1.4747E+00  4.4994E-06
197605   8.0503E-03  1.4393E-01  7.0460E-02  1.6420E-01  7.3410E-01  4.4276E-06
197606   7.9553E-03  1.4223E-01  1.8790E-02  4.3700E-02  1.9630E-01  4.3753E-06
197607   7.9207E-03  1.4161E-01  0.0000E+00  0.0000E+00  0.0000E+00  4.3563E-06
197608   7.9553E-03  1.4223E-01  1.8790E-02  4.3700E-02  1.9630E-01  4.3753E-06
197609   8.0503E-03  1.4393E-01  7.0460E-02  1.6420E-01  7.3410E-01  4.4276E-06
197610   8.1809E-03  1.4626E-01  1.4143E-01  3.2980E-01  1.4747E+00  4.4994E-06
197611   8.3126E-03  1.4862E-01  2.1301E-01  4.9670E-01  2.2210E+00  4.5718E-06
197612   8.4096E-03  1.5035E-01  2.6576E-01  6.1970E-01  2.7716E+00  4.6252E-06
197701   8.4453E-03  1.5099E-01  2.8513E-01  6.6490E-01  2.9736E+00  4.6449E-06
197702   8.4096E-03  1.5035E-01  2.6576E-01  6.1970E-01  2.7716E+00  4.6252E-06
197703   8.3126E-03  1.4862E-01  2.1301E-01  4.9670E-01  2.2210E+00  4.5718E-06
197704   8.1809E-03  1.4626E-01  1.4143E-01  3.2980E-01  1.4747E+00  4.4994E-06
197705   8.0503E-03  1.4393E-01  7.0460E-02  1.6420E-01  7.3410E-01  4.4276E-06
197706   7.9553E-03  1.4223E-01  1.8790E-02  4.3700E-02  1.9630E-01  4.3753E-06
197707   7.9207E-03  1.4161E-01  0.0000E+00  0.0000E+00  0.0000E+00  4.3563E-06
197708   7.9553E-03  1.4223E-01  1.8790E-02  4.3700E-02  1.9630E-01  4.3753E-06
197709   8.0503E-03  1.4393E-01  7.0460E-02  1.6420E-01  7.3410E-01  4.4276E-06
197710   8.1809E-03  1.4626E-01  1.4143E-01  3.2980E-01  1.4747E+00  4.4994E-06
197711   8.3126E-03  1.4862E-01  2.1301E-01  4.9670E-01  2.2210E+00  4.5718E-06
197712   8.4096E-03  1.5035E-01  2.6576E-01  6.1970E-01  2.7716E+00  4.6252E-06
197801   8.4453E-03  1.5099E-01  2.8513E-01  6.6490E-01  2.9736E+00  4.6449E-06
197802   8.4096E-03  1.5035E-01  2.6576E-01  6.1970E-01  2.7716E+00  4.6252E-06
197803   8.3126E-03  1.4862E-01  2.1301E-01  4.9670E-01  2.2210E+00  4.5718E-06
197804   8.1809E-03  1.4626E-01  1.4143E-01  3.2980E-01  1.4747E+00  4.4994E-06
197805   8.0503E-03  1.4393E-01  7.0460E-02  1.6420E-01  7.3410E-01  4.4276E-06
197806   7.9553E-03  1.4223E-01  1.8790E-02  4.3700E-02  1.9630E-01  4.3753E-06
197807   7.9207E-03  1.4161E-01  0.0000E+00  0.0000E+00  0.0000E+00  4.3563E-06
197808   7.9553E-03  1.4223E-01  1.8790E-02  4.3700E-02  1.9630E-01  4.3753E-06
197809   8.0503E-03  1.4393E-01  7.0460E-02  1.6420E-01  7.3410E-01  4.4276E-06
197810   8.1809E-03  1.4626E-01  1.4143E-01  3.2980E-01  1.4747E+00  4.4994E-06
197811   8.3126E-03  1.4862E-01  2.1301E-01  4.9670E-01  2.2210E+00  4.5718E-06
197812   8.4096E-03  1.5035E-01  2.6576E-01  6.1970E-01  2.7716E+00  4.6252E-06
197901   8.4453E-03  1.5099E-01  2.8513E-01  6.6490E-01  2.9736E+00  4.6449E-06
197902   8.4096E-03  1.5035E-01  2.6576E-01  6.1970E-01  2.7716E+00  4.6252E-06
197903   8.3126E-03  1.4862E-01  2.1301E-01  4.9670E-01  2.2210E+00  4.5718E-06
197904   8.1809E-03  1.4626E-01  1.4143E-01  3.2980E-01  1.4747E+00  4.4994E-06
197905   8.0503E-03  1.4393E-01  7.0460E-02  1.6420E-01  7.3410E-01  4.4276E-06
197906   7.9553E-03  1.4223E-01  1.8790E-02  4.3700E-02  1.9630E-01  4.3753E-06
197907   7.9207E-03  1.4161E-01  0.0000E+00  0.0000E+00  0.0000E+00  4.3563E-06
197908   7.9553E-03  1.4223E-01  1.8790E-02  4.3700E-02  1.9630E-01  4.3753E-06
197909   8.0503E-03  1.4393E-01  7.0460E-02  1.6420E-01  7.3410E-01  4.4276E-06
197910   8.1809E-03  1.4626E-01  1.4143E-01  3.2980E-01  1.4747E+00  4.4994E-06
197911   8.3126E-03  1.4862E-01  2.1301E-01  4.9670E-01  2.2210E+00  4.5718E-06
197912   8.4096E-03  1.5035E-01  2.6576E-01  6.1970E-01  2.7716E+00  4.6252E-06
198001   8.4453E-03  1.5099E-01  2.8513E-01  6.6490E-01  2.9736E+00  4.6449E-06
198002   8.4096E-03  1.5035E-01  2.6576E-01  6.1970E-01  2.7716E+00  4.6252E-06
198003   8.3126E-03  1.4862E-01  2.1301E-01  4.9670E-01  2.2210E+00  4.5718E-06
198004   8.1809E-03  1.4626E-01  1.4143E-01  3.2980E-01  1.4747E+00  4.4994E-06
198005   8.0503E-03  1.4393E-01  7.0460E-02  1.6420E-01  7.3410E-01  4.4276E-06
198006   7.9553E-03  1.4223E-01  1.8790E-02  4.3700E-02  1.9630E-01  4.3753E-06
198007   7.9207E-03  1.4161E-01  0.0000E+00  0.0000E+00  0.0000E+00  4.3563E-06
198008   7.9553E-03  1.4223E-01  1.8790E-02  4.3700E-02  1.9630E-01  4.3753E-06
198009   8.0503E-03  1.4393E-01  7.0460E-02  1.6420E-01  7.3410E-01  4.4276E-06
198010   8.1809E-03  1.4626E-01  1.4143E-01  3.2980E-01  1.4747E+00  4.4994E-06
198011   8.3126E-03  1.4862E-01  2.1301E-01  4.9670E-01  2.2210E+00  4.5718E-06
198012   8.4096E-03  1.5035E-01  2.6576E-01  6.1970E-01  2.7716E+00  4.6252E-06
198101   8.4453E-03  1.5099E-01  2.8513E-01  6.6490E-01  2.9736E+00  4.6449E-06
198102   8.4096E-03  1.5035E-01  2.6576E-01  6.1970E-01  2.7716E+00  4.6252E-06
198103   8.3126E-03  1.4862E-01  2.1301E-01  4.9670E-01  2.2210E+00  4.5718E-06
198104   8.1809E-03  1.4626E-01  1.4143E-01  3.2980E-01  1.4747E+00  4.4994E-06
198105   8.0503E-03  1.4393E-01  7.0460E-02  1.6420E-01  7.3410E-01  4.4276E-06
198106   7.9553E-03  1.4223E-01  1.8790E-02  4.3700E-02  1.9630E-01  4.3753E-06
198107   7.9207E-03  1.4161E-01  0.0000E+00  0.0000E+00  0.0000E+00  4.3563E-06
198108   7.9553E-03  1.4223E-01  1.8790E-02  4.3700E-02  1.9630E-01  4.3753E-06
198109   8.0503E-03  1.4393E-01  7.0460E-02  1.6420E-01  7.3410E-01  4.4276E-06
198110   8.1809E-03  1.4626E-01  1.4143E-01  3.2980E-01  1.4747E+00  4.4994E-06
198111   8.3126E-03  1.4862E-01  2.1301E-01  4.9670E-01  2.2210E+00  4.5718E-06
198112   8.4096E-03  1.5035E-01  2.6576E-01  6.1970E-01  2.7716E+00  4.6252E-06
198201   8.4453E-03  1.5099E-01  2.8513E-01  6.6490E-01  2.9736E+00  4.6449E-06
198202   8.4096E-03  1.5035E-01  2.6576E-01  6.1970E-01  2.7716E+00  4.6252E-06
198203   8.3126E-03  1.4862E-01  2.1301E-01  4.9670E-01  2.2210E+00  4.5718E-06
198204   8.1809E-03  1.4626E-01  1.4143E-01  3.2980E-01  1.4747E+00  4.4994E-06
198205   8.0503E-03  1.4393E-01  7.0460E-02  1.6420E-01  7.3410E-01  4.4276E-06
198206   7.9553E-03  1.4223E-01  1.8790E-02  4.3700E-02  1.9630E-01  4.3753E-06
198207   7.9207E-03  1.4161E-01  0.0000E+00  0.0000E+00  0.0000E+00  4.3563E-06
198208   7.9553E-03  1.4223E-01  1.8790E-02  4.3700E-02  1.9630E-01  4.3753E-06
198209   8.0503E-03  1.4393E-01  7.0460E-02  1.6420E-01  7.3410E-01  4.4276E-06
198210   8.1809E-03  1.4626E-01  1.4143E-01  3.2980E-01  1.4747E+00  4.4994E-06
198211   8.3126E-03  1.4862E-01  2.1301E-01  4.9670E-01  2.2210E+00  4.5718E-06
198212   8.4096E-03  1.5035E-01  2.6576E-01  6.1970E-01  2.7716E+00  4.6252E-06
198301   8.4453E-03  1.5099E-01  2.8513E-01  6.6490E-01  2.9736E+00  4.6449E-06
198302   8.4096E-03  1.5035E-01  2.6576E-01  6.1970E-01  2.7716E+00  4.6252E-06
198303   8.3126E-03  1.4862E-01  2.1301E-01  4.9670E-01  2.2210E+00  4.5718E-06
198304   8.1809E-03  1.4626E-01  1.4143E-01  3.2980E-01  1.4747E+00  4.4994E-06
198305   8.0503E-03  1.4393E-01  7.0460E-02  1.6420E-01  7.3410E-01  4.4276E-06
198306   7.9553E-03  1.4223E-01  1.8790E-02  4.3700E-02  1.9630E-01  4.3753E-06
198307   7.9207E-03  1.4161E-01  0.0000E+00  0.0000E+00  0.0000E+00  4.3563E-06
198308   7.9553E-03  1.4223E-01  1.8790E-02  4.3700E-02  1.9630E-01  4.3753E-06
198309   8.0503E-03  1.4393E-01  7.0460E-02  1.6420E-01  7.3410E-01  4.4276E-06
198310   8.1809E-03  1.4626E-01  1.4143E-01  3.2980E-01  1.4747E+00  4.4994E-06
198311   8.3126E-03  1.4862E-01  2.1301E-01  4.9670E-01  2.2210E+00  4.5718E-06
198312   8.4096E-03  1.5035E-01  2.6576E-01  6.1970E-01  2.7716E+00  4.6252E-06
198401   8.4453E-03  1.5099E-01  2.8513E-01  6.6490E-01  2.9736E+00  4.6449E-06
198402   8.4096E-03  1.5035E-01  2.6576E-01  6.1970E-01  2.7716E+00  4.6252E-06
198403   8.3126E-03  1.4862E-01  2.1301E-01  4.9670E-01  2.2210E+00  4.5718E-06
198404   8.1809E-03  1.4626E-01  1.4143E-01  3.2980E-01  1.4747E+00  4.4994E-06
198405   8.0503E-03  1.4393E-01  7.0460E-02  1.6420E-01  7.3410E-01  4.4276E-06
198406   7.9553E-03  1.4223E-01  1.8790E-02  4.3700E-02  1.9630E-01  4.3753E-06
198407   7.9207E-03  1.4161E-01  0.0000E+00  0.0000E+00  0.0000E+00  4.3563E-06
198408   7.9553E-03  1.4223E-01  1.8790E-02  4.3700E-02  1.9630E-01  4.3753E-06
198409   8.0503E-03  1.4393E-01  7.0460E-02  1.6420E-01  7.3410E-01  4.4276E-06
198410   8.1809E-03  1.4626E-01  1.4143E-01  3.2980E-01  1.4747E+00  4.4994E-06
198411   8.3126E-03  1.4862E-01  2.1301E-01  4.9670E-01  2.2210E+00  4.5718E-06
198412   8.4096E-03  1.5035E-01  2.6576E-01  6.1970E-01  2.7716E+00  4.6252E-06
198501   8.4453E-03  1.5099E-01  2.8513E-01  6.6490E-01  2.9736E+00  4.6449E-06
198502   8.4096E-03  1.5035E-01  2.6576E-01  6.1970E-01  2.7716E+00  4.6252E-06
198503   8.3126E-03  1.4862E-01  2.1301E-01  4.9670E-01  2.2210E+00  4.5718E-06
198504   8.1809E-03  1.4626E-01  1.4143E-01  3.2980E-01  1.4747E+00  4.4994E-06
198505   8.0503E-03  1.4393E-01  7.0460E-02  1.6420E-01  7.3410E-01  4.4276E-06
198506   7.9553E-03  1.4223E-01  1.8790E-02  4.3700E-02  1.9630E-01  4.3753E-06
198507   7.9207E-03  1.4161E-01  0.0000E+00  0.0000E+00  0.0000E+00  4.3563E-06
198508   7.9553E-03  1.4223E-01  1.8790E-02  4.3700E-02  1.9630E-01  4.3753E-06
198509   8.0503E-03  1.4393E-01  7.0460E-02  1.6420E-01  7.3410E-01  4.4276E-06
198510   8.1809E-03  1.4626E-01  1.4143E-01  3.2980E-01  1.4747E+00  4.4994E-06
198511   8.3126E-03  1.4862E-01  2.1301E-01  4.9670E-01  2.2210E+00  4.5718E-06
198512   8.4096E-03  1.5035E-01  2.6576E-01  6.1970E-01  2.7716E+00  4.6252E-06
198601   8.4453E-03  1.5099E-01  2.8513E-01  6.6490E-01  2.9736E+00  4.6449E-06
198602   8.4096E-03  1.5035E-01  2.6576E-01  6.1970E-01  2.7716E+00  4.6252E-06
198603   8.3126E-03  1.4862E-01  2.1301E-01  4.9670E-01  2.2210E+00  4.5718E-06
198604   8.1809E-03  1.4626E-01  1.4143E-01  3.2980E-01  1.4747E+00  4.4994E-06
198605   8.0503E-03  1.4393E-01  7.0460E-02  1.6420E-01  7.3410E-01  4.4276E-06
198606   7.9553E-03  1.4223E-01  1.8790E-02  4.3700E-02  1.9630E-01  4.3753E-06
198607   7.9207E-03  1.4161E-01  0.0000E+00  0.0000E+00  0.0000E+00  4.3563E-06
198608   7.9553E-03  1.4223E-01  1.8790E-02  4.3700E-02  1.9630E-01  4.3753E-06
198609   8.0503E-03  1.4393E-01  7.0460E-02  1.6420E-01  7.3410E-01  4.4276E-06
198610   8.1809E-03  1.4626E-01  1.4143E-01  3.2980E-01  1.4747E+00  4.4994E-06
198611   8.3126E-03  1.4862E-01  2.1301E-01  4.9670E-01  2.2210E+00  4.5718E-06
198612   8.4096E-03  1.5035E-01  2.6576E-01  6.1970E-01  2.7716E+00  4.6252E-06
198701   8.4453E-03  1.5099E-01  2.8513E-01  6.6490E-01  2.9736E+00  4.6449E-06
198702   8.4096E-03  1.5035E-01  2.6576E-01  6.1970E-01  2.7716E+00  4.6252E-06
198703   8.3126E-03  1.4862E-01  2.1301E-01  4.9670E-01  2.2210E+00  4.5718E-06
198704   8.1809E-03  1.4626E-01  1.4143E-01  3.2980E-01  1.4747E+00  4.4994E-06
198705   8.0503E-03  1.4393E-01  7.0460E-02  1.6420E-01  7.3410E-01  4.4276E-06
198706   7.9553E-03  1.4223E-01  1.8790E-02  4.3700E-02  1.9630E-01  4.3753E-06
198707   7.9207E-03  1.4161E-01  0.0000E+00  0.0000E+00  0.0000E+00  4.3563E-06
198708   7.9553E-03  1.4223E-01  1.8790E-02  4.3700E-02  1.9630E-01  4.3753E-06
198709   8.0503E-03  1.4393E-01  7.0460E-02  1.6420E-01  7.3410E-01  4.4276E-06
198710   8.1809E-03  1.4626E-01  1.4143E-01  3.2980E-01  1.4747E+00  4.4994E-06
198711   8.3126E-03  1.4862E-01  2.1301E-01  4.9670E-01  2.2210E+00  4.5718E-06
198712   8.4096E-03  1.5035E-01  2.6576E-01  6.1970E-01  2.7716E+00  4.6252E-06
198801   8.4453E-03  1.5099E-01  2.8513E-01  6.6490E-01  2.9736E+00  4.6449E-06
198802   8.4096E-03  1.5035E-01  2.6576E-01  6.1970E-01  2.7716E+00  4.6252E-06
198803   8.3126E-03  1.4862E-01  2.1301E-01  4.9670E-01  2.2210E+00  4.5718E-06
198804   8.1809E-03  1.4626E-01  1.4143E-01  3.2980E-01  1.4747E+00  4.4994E-06
198805   8.0503E-03  1.4393E-01  7.0460E-02  1.6420E-01  7.3410E-01  4.4276E-06
198806   7.9553E-03  1.4223E-01  1.8790E-02  4.3700E-02  1.9630E-01  4.3753E-06
198807   7.9207E-03  1.4161E-01  0.0000E+00  0.0000E+00  0.0000E+00  4.3563E-06
198808   7.9553E-03  1.4223E-01  1.8790E-02  4.3700E-02  1.9630E-01  4.3753E-06
198809   8.0503E-03  1.4393E-01  7.0460E-02  1.6420E-01  7.3410E-01  4.4276E-06
198810   8.1809E-03  1.4626E-01  1.4143E-01  3.2980E-01  1.4747E+00  4.4994E-06
198811   8.3126E-03  1.4862E-01  2.1301E-01  4.9670E-01  2.2210E+00  4.5718E-06
198812   8.4096E-03  1.5035E-01  2.6576E-01  6.1970E-01  2.7716E+00  4.6252E-06
198901   8.4453E-03  1.5099E-01  2.8513E-01  6.6490E-01  2.9736E+00  4.6449E-06
198902   8.4096E-03  1.5035E-01  2.6576E-01  6.1970E-01  2.7716E+00  4.6252E-06
198903   8.3126E-03  1.4862E-01  2.1301E-01  4.9670E-01  2.2210E+00  4.5718E-06
198904   8.1809E-03  1.4626E-01  1.4143E-01  3.2980E-01  1.4747E+00  4.4994E-06
198905   8.0503E-03  1.4393E-01  7.0460E-02  1.6420E-01  7.3410E-01  4.4276E-06
198906   7.9553E-03  1.4223E-01  1.8790E-02  4.3700E-02  1.9630E-01  4.3753E-06
198907   7.9207E-03  1.4161E-01  0.0000E+00  0.0000E+00  0.0000E+00  4.3563E-06
198908   7.9553E-03  1.4223E-01  1.8790E-02  4.3700E-02  1.9630E-01  4.3753E-06
198909   8.0503E-03  1.4393E-01  7.0460E-02  1.6420E-01  7.3410E-01  4.4276E-06
198910   8.1809E-03  1.4626E-01  1.4143E-01  3.2980E-01  1.4747E+00  4.4994E-06
198911   8.3126E-03  1.4862E-01  2.1301E-01  4.9670E-01  2.2210E+00  4.5718E-06
198912   8.4096E-03  1.5035E-01  2.6576E-01  6.1970E-01  2.7716E+00  4.6252E-06
199001   8.4453E-03  1.5099E-01  2.8513E-01  6.6490E-01  2.9736E+00  4.6449E-06
199002   8.4096E-03  1.5035E-01  2.6576E-01  6.1970E-01  2.7716E+00  4.6252E-06
199003   8.3126E-03  1.4862E-01  2.1301E-01  4.9670E-01  2.2210E+00  4.5718E-06
199004   8.1809E-03  1.4626E-01  1.4143E-01  3.2980E-01  1.4747E+00  4.4994E-06
199005   8.0503E-03  1.4393E-01  7.0460E-02  1.6420E-01  7.3410E-01  4.4276E-06
199006   7.9553E-03  1.4223E-01  1.8790E-02  4.3700E-02  1.9630E-01  4.3753E-06
199007   7.9207E-03  1.4161E-01  0.0000E+00  0.0000E+00  0.0000E+00  4.3563E-06
199008   7.9553E-03  1.4223E-01  1.8790E-02  4.3700E-02  1.9630E-01  4.3753E-06
199009   8.0503E-03  1.4393E-01  7.0460E-02  1.6420E-01  7.3410E-01  4.4276E-06
199010   8.1809E-03  1.4626E-01  1.4143E-01  3.2980E-01  1.4747E+00  4.4994E-06
199011   8.3126E-03  1.4862E-01  2.1301E-01  4.9670E-01  2.2210E+00  4.5718E-06
199012   8.4096E-03  1.5035E-01  2.6576E-01  6.1970E-01  2.7716E+00  4.6252E-06
199101   8.4453E-03  1.5099E-01  2.8513E-01  6.6490E-01  2.9736E+00  4.6449E-06
199102   8.4096E-03  1.5035E-01  2.6576E-01  6.1970E-01  2.7716E+00  4.6252E-06
199103   8.3126E-03  1.4862E-01  2.1301E-01  4.9670E-01  2.2210E+00  4.5718E-06
199104   8.1809E-03  1.4626E-01  1.4143E-01  3.2980E-01  1.4747E+00  4.4994E-06
199105   8.0503E-03  1.4393E-01  7.0460E-02  1.6420E-01  7.3410E-01  4.4276E-06
199106   7.9553E-03  1.4223E-01  1.8790E-02  4.3700E-02  1.9630E-01  4.3753E-06
199107   7.9207E-03  1.4161E-01  0.0000E+00  0.0000E+00  0.0000E+00  4.3563E-06
199108   7.9553E-03  1.4223E-01  1.8790E-02  4.3700E-02  1.9630E-01  4.3753E-06
199109   8.0503E-03  1.4393E-01  7.0460E-02  1.6420E-01  7.3410E-01  4.4276E-06
199110   8.1809E-03  1.4626E-01  1.4143E-01  3.2980E-01  1.4747E+00  4.4994E-06
199111   8.3126E-03  1.4862E-01  2.1301E-01  4.9670E-01  2.2210E+00  4.5718E-06
199112   8.4096E-03  1.5035E-01  2.6576E-01  6.1970E-01  2.7716E+00  4.6252E-06
199201   8.4453E-03  1.5099E-01  2.8513E-01  6.6490E-01  2.9736E+00  4.6449E-06
199202   8.4096E-03  1.5035E-01  2.6576E-01  6.1970E-01  2.7716E+00  4.6252E-06
199203   8.3126E-03  1.4862E-01  2.1301E-01  4.9670E-01  2.2210E+00  4.5718E-06
199204   8.1809E-03  1.4626E-01  1.4143E-01  3.2980E-01  1.4747E+00  4.4994E-06
199205   8.0503E-03  1.4393E-01  7.0460E-02  1.6420E-01  7.3410E-01  4.4276E-06
199206   7.9553E-03  1.4223E-01  1.8790E-02  4.3700E-02  1.9630E-01  4.3753E-06
199207   7.9207E-03  1.4161E-01  0.0000E+00  0.0000E+00  0.0000E+00  4.3563E-06
199208   7.9553E-03  1.4223E-01  1.8790E-02  4.3700E-02  1.9630E-01  4.3753E-06
199209   8.0503E-03  1.4393E-01  7.0460E-02  1.6420E-01  7.3410E-01  4.4276E-06
199210   8.1809E-03  1.4626E-01  1.4143E-01  3.2980E-01  1.4747E+00  4.4994E-06
199211   8.3126E-03  1.4862E-01  2.1301E-01  4.9670E-01  2.2210E+00  4.5718E-06
199212   8.4096E-03  1.5035E-01  2.6576E-01  6.1970E-01  2.7716E+00  4.6252E-06
199301   8.4453E-03  1.5099E-01  2.8513E-01  6.6490E-01  2.9736E+00  4.6449E-06
199302   8.4096E-03  1.5035E-01  2.6576E-01  6.1970E-01  2.7716E+00  4.6252E-06
199303   8.3126E-03  1.4862E-01  2.1301E-01  4.9670E-01  2.2210E+00  4.5718E-06
199304   8.1809E-03  1.4626E-01  1.4143E-01  3.2980E-01  1.4747E+00  4.4994E-06
199305   8.0503E-03  1.4393E-01  7.0460E-02  1.6420E-01  7.3410E-01  4.4276E-06
199306   7.9553E-03  1.4223E-01  1.8790E-02  4.3700E-02  1.9630E-01  4.3753E-06
199307   7.9207E-03  1.4161E-01  0.0000E+00  0.0000E+00  0.0000E+00  4.3563E-06
199308   7.9553E-03  1.4223E-01  1.8790E-02  4.3700E-02  1.9630E-01  4.3753E-06
199309   8.0503E-03  1.4393E-01  7.0460E-02  1.6420E-01  7.3410E-01  4.4276E-06
199310   8.1809E-03  1.4626E-01  1.4143E-01  3.2980E-01  1.4747E+00  4.4994E-06
199311   8.3126E-03  1.4862E-01  2.1301E-01  4.9670E-01  2.2210E+00  4.5718E-06
199312   8.4096E-03  1.5035E-01  2.6576E-01  6.1970E-01  2.7716E+00  4.6252E-06
199401   8.4453E-03  1.5099E-01  2.8513E-01  6.6490E-01  2.9736E+00  4.6449E-06
199402   8.4096E-03  1.5035E-01  2.6576E-01  6.1970E-01  2.7716E+00  4.6252E-06
199403   8.3126E-03  1.4862E-01  2.1301E-01  4.9670E-01  2.2210E+00  4.5718E-06
199404   8.1809E-03  1.4626E-01  1.4143E-01  3.2980E-01  1.4747E+00  4.4994E-06
199405   8.0503E-03  1.4393E-01  7.0460E-02  1.6420E-01  7.3410E-01  4.4276E-06
199406   7.9553E-03  1.4223E-01  1.8790E-02  4.3700E-02  1.9630E-01  4.3753E-06
199407   7.9207E-03  1.4161E-01  0.0000E+00  0.0000E+00  0.0000E+00  4.3563E-06
199408   7.9553E-03  1.4223E-01  1.8790E-02  4.3700E-02  1.9630E-01  4.3753E-06
199409   8.0503E-03  1.4393E-01  7.0460E-02  1.6420E-01  7.3410E-01  4.4276E-06
199410   8.1809E-03  1.4626E-01  1.4143E-01  3.2980E-01  1.4747E+00  4.4994E-06
199411   8.3126E-03  1.4862E-01  2.1301E-01  4.9670E-01  2.2210E+00  4.5718E-06
199412   8.4096E-03  1.5035E-01  2.6576E-01  6.1970E-01  2.7716E+00  4.6252E-06
199501   8.4453E-03  1.5099E-01  2.8513E-01  6.6490E-01  2.9736E+00  4.6449E-06
199502   8.4096E-03  1.5035E-01  2.6576E-01  6.1970E-01  2.7716E+00  4.6252E-06
199503   8.3126E-03  1.4862E-01  2.1301E-01  4.9670E-01  2.2210E+00  4.5718E-06
199504   8.1809E-03  1.4626E-01  1.4143E-01  3.2980E-01  1.4747E+00  4.4994E-06
199505   8.0503E-03  1.4393E-01  7.0460E-02  1.6420E-01  7.3410E-01  4.4276E-06
199506   7.9553E-03  1.4223E-01  1.8790E-02  4.3700E-02  1.9630E-01  4.3753E-06
199507   7.9207E-03  1.4161E-01  0.0000E+00  0.0000E+00  0.0000E+00  4.3563E-06
199508   7.9553E-03  1.4223E-01  1.8790E-02  4.3700E-02  1.9630E-01  4.3753E-06
199509   8.0503E-03  1.4393E-01  7.0460E-02  1.6420E-01  7.3410E-01  4.4276E-06
199510   8.1809E-03  1.4626E-01  1.4143E-01  3.2980E-01  1.4747E+00  4.4994E-06
199511   8.3126E-03  1.4862E-01  2.1301E-01  4.9670E-01  2.2210E+00  4.5718E-06
199512   8.4096E-03  1.5035E-01  2.6576E-01  6.1970E-01  2.7716E+00  4.6252E-06
199601   8.4453E-03  1.5099E-01  2.8513E-01  6.6490E-01  2.9736E+00  4.6449E-06
199602   8.4096E-03  1.5035E-01  2.6576E-01  6.1970E-01  2.7716E+00  4.6252E-06
199603   8.3126E-03  1.4862E-01  2.1301E-01  4.9670E-01  2.2210E+00  4.5718E-06
199604   8.1809E-03  1.4626E-01  1.4143E-01  3.2980E-01  1.4747E+00  4.4994E-06
199605   8.0503E-03  1.4393E-01  7.0460E-02  1.6420E-01  7.3410E-01  4.4276E-06
199606   7.9553E-03  1.4223E-01  1.8790E-02  4.3700E-02  1.9630E-01  4.3753E-06
199607   7.9207E-03  1.4161E-01  0.0000E+00  0.0000E+00  0.0000E+00  4.3563E-06
199608   7.9553E-03  1.4223E-01  1.8790E-02  4.3700E-02  1.9630E-01  4.3753E-06
199609   8.0503E-03  1.4393E-01  7.0460E-02  1.6420E-01  7.3410E-01  4.4276E-06
199610   8.1809E-03  1.4626E-01  1.4143E-01  3.2980E-01  1.4747E+00  4.4994E-06
199611   8.3126E-03  1.4862E-01  2.1301E-01  4.9670E-01  2.2210E+00  4.5718E-06
199612   8.4096E-03  1.5035E-01  2.6576E-01  6.1970E-01  2.7716E+00  4.6252E-06
199701   8.4453E-03  1.5099E-01  2.8513E-01  6.6490E-01  2.9736E+00  4.6449E-06
199702   8.4096E-03  1.5035E-01  2.6576E-01  6.1970E-01  2.7716E+00  4.6252E-06
199703   8.3126E-03  1.4862E-01  2.1301E-01  4.9670E-01  2.2210E+00  4.5718E-06
199704   8.1809E-03  1.4626E-01  1.4143E-01  3.2980E-01  1.4747E+00  4.4994E-06
199705   8.0503E-03  1.4393E-01  7.0460E-02  1.6420E-01  7.3410E-01  4.4276E-06
199706   7.9553E-03  1.4223E-01  1.8790E-02  4.3700E-02  1.9630E-01  4.3753E-06
199707   7.9207E-03  1.4161E-01  0.0000E+00  0.0000E+00  0.0000E+00  4.3563E-06
199708   7.9553E-03  1.4223E-01  1.8790E-02  4.3700E-02  1.9630E-01  4.3753E-06
199709   8.0503E-03  1.4393E-01  7.0460E-02  1.6420E-01  7.3410E-01  4.4276E-06
199710   8.1809E-03  1.4626E-01  1.4143E-01  3.2980E-01  1.4747E+00  4.4994E-06
199711   8.3126E-03  1.4862E-01  2.1301E-01  4.9670E-01  2.2210E+00  4.5718E-06
199712   8.4096E-03  1.5035E-01  2.6576E-01  6.1970E-01  2.7716E+00  4.6252E-06
199801   8.4453E-03  1.5099E-01  2.8513E-01  6.6490E-01  2.9736E+00  4.6449E-06
199802   8.4096E-03  1.5035E-01  2.6576E-01  6.1970E-01  2.7716E+00  4.6252E-06
199803   8.3126E-03  1.4862E-01  2.1301E-01  4.9670E-01  2.2210E+00  4.5718E-06
199804   8.1809E-03  1.4626E-01  1.4143E-01  3.2980E-01  1.4747E+00  4.4994E-06
199805   8.0503E-03  1.4393E-01  7.0460E-02  1.6420E-01  7.3410E-01  4.4276E-06
199806   7.9553E-03  1.4223E-01  1.8790E-02  4.3700E-02  1.9630E-01  4.3753E-06
199807   7.9207E-03  1.4161E-01  0.0000E+00  0.0000E+00  0.0000E+00  4.3563E-06
199808   7.9553E-03  1.4223E-01  1.8790E-02  4.3700E-02  1.9630E-01  4.3753E-06
199809   8.0503E-03  1.4393E-01  7.0460E-02  1.6420E-01  7.3410E-01  4.4276E-06
199810   8.1809E-03  1.4626E-01  1.4143E-01  3.2980E-01  1.4747E+00  4.4994E-06
199811   8.3126E-03  1.4862E-01  2.1301E-01  4.9670E-01  2.2210E+00  4.5718E-06
199812   8.4096E-03  1.5035E-01  2.6576E-01  6.1970E-01  2.7716E+00  4.6252E-06
199901   8.4453E-03  1.5099E-01  2.8513E-01  6.6490E-01  2.9736E+00  4.6449E-06
199902   8.4096E-03  1.5035E-01  2.6576E-01  6.1970E-01  2.7716E+00  4.6252E-06
199903   8.3126E-03  1.4862E-01  2.1301E-01  4.9670E-01  2.2210E+00  4.5718E-06
199904   8.1809E-03  1.4626E-01  1.4143E-01  3.2980E-01  1.4747E+00  4.4994E-06
199905   8.0503E-03  1.4393E-01  7.0460E-02  1.6420E-01  7.3410E-01  4.4276E-06
199906   7.9553E-03  1.4223E-01  1.8790E-02  4.3700E-02  1.9630E-01  4.3753E-06
199907   7.9207E-03  1.4161E-01  0.0000E+00  0.0000E+00  0.0000E+00  4.3563E-06
199908   7.9553E-03  1.4223E-01  1.8790E-02  4.3700E-02  1.9630E-01  4.3753E-06
199909   8.0503E-03  1.4393E-01  7.0460E-02  1.6420E-01  7.3410E-01  4.4276E-06
199910   8.1809E-03  1.4626E-01  1.4143E-01  3.2980E-01  1.4747E+00  4.4994E-06
199911   8.3126E-03  1.4862E-01  2.1301E-01  4.9670E-01  2.2210E+00  4.5718E-06
199912   8.4096E-03  1.5035E-01  2.6576E-01  6.1970E-01  2.7716E+00  4.6252E-06
200001   8.4453E-03  1.5099E-01  2.8513E-01  6.6490E-01  2.9736E+00  4.6449E-06
200002   8.4096E-03  1.5035E-01  2.6576E-01  6.1970E-01  2.7716E+00  4.6252E-06
200003   8.3126E-03  1.4862E-01  2.1301E-01  4.9670E-01  2.2210E+00  4.5718E-06
200004   8.1809E-03  1.4626E-01  1.4143E-01  3.2980E-01  1.4747E+00  4.4994E-06
200005   8.0503E-03  1.4393E-01  7.0460E-02  1.6420E-01  7.3410E-01  4.4276E-06
200006   7.9553E-03  1.4223E-01  1.8790E-02  4.3700E-02  1.9630E-01  4.3753E-06
200007   7.9207E-03  1.4161E-01  0.0000E+00  0.0000E+00  0.0000E+00  4.3563E-06
200008   7.9553E-03  1.4223E-01  1.8790E-02  4.3700E-02  1.9630E-01  4.3753E-06
200009   8.0503E-03  1.4393E-01  7.0460E-02  1.6420E-01  7.3410E-01  4.4276E-06
200010   8.1809E-03  1.4626E-01  1.4143E-01  3.2980E-01  1.4747E+00  4.4994E-06
200011   8.3126E-03  1.4862E-01  2.1301E-01  4.9670E-01  2.2210E+00  4.5718E-06
200012   8.4096E-03  1.5035E-01  2.6576E-01  6.1970E-01  2.7716E+00  4.6252E-06
200101   8.4453E-03  1.5099E-01  2.8513E-01  6.6490E-01  2.9736E+00  4.6449E-06
200102   8.4096E-03  1.5035E-01  2.6576E-01  6.1970E-01  2.7716E+00  4.6252E-06
200103   8.3126E-03  1.4862E-01  2.1301E-01  4.9670E-01  2.2210E+00  4.5718E-06
200104   8.1809E-03  1.4626E-01  1.4143E-01  3.2980E-01  1.4747E+00  4.4994E-06
200105   8.0503E-03  1.4393E-01  7.0460E-02  1.6420E-01  7.3410E-01  4.4276E-06
200106   7.9553E-03  1.4223E-01  1.8790E-02  4.3700E-02  1.9630E-01  4.3753E-06
200107   7.9207E-03  1.4161E-01  0.0000E+00  0.0000E+00  0.0000E+00  4.3563E-06
200108   7.9553E-03  1.4223E-01  1.8790E-02  4.3700E-02  1.9630E-01  4.3753E-06
200109   8.0503E-03  1.4393E-01  7.0460E-02  1.6420E-01  7.3410E-01  4.4276E-06
200110   8.1809E-03  1.4626E-01  1.4143E-01  3.2980E-01  1.4747E+00  4.4994E-06
200111   8.3126E-03  1.4862E-01  2.1301E-01  4.9670E-01  2.2210E+00  4.5718E-06
200112   8.4096E-03  1.5035E-01  2.6576E-01  6.1970E-01  2.7716E+00  4.6252E-06
200201   8.4453E-03  1.5099E-01  2.8513E-01  6.6490E-01  2.9736E+00  4.6449E-06
200202   8.4096E-03  1.5035E-01  2.6576E-01  6.1970E-01  2.7716E+00  4.6252E-06
200203   8.3126E-03  1.4862E-01  2.1301E-01  4.9670E-01  2.2210E+00  4.5718E-06
200204   8.1809E-03  1.4626E-01  1.4143E-01  3.2980E-01  1.4747E+00  4.4994E-06
200205   8.0503E-03  1.4393E-01  7.0460E-02  1.6420E-01  7.3410E-01  4.4276E-06
200206   7.9553E-03  1.4223E-01  1.8790E-02  4.3700E-02  1.9630E-01  4.3753E-06
200207   7.9207E-03  1.4161E-01  0.0000E+00  0.0000E+00  0.0000E+00  4.3563E-06
200208   7.9553E-03  1.4223E-01  1.8790E-02  4.3700E-02  1.9630E-01  4.3753E-06
200209   8.0503E-03  1.4393E-01  7.0460E-02  1.6420E-01  7.3410E-01  4.4276E-06
200210   8.1809E-03  1.4626E-01  1.4143E-01  3.2980E-01  1.4747E+00  4.4994E-06
200211   8.3126E-03  1.4862E-01  2.1301E-01  4.9670E-01  2.2210E+00  4.5718E-06
200212   8.4096E-03  1.5035E-01  2.6576E-01  6.1970E-01  2.7716E+00  4.6252E-06
200301   8.4453E-03  1.5099E-01  2.8513E-01  6.6490E-01  2.9736E+00  4.6449E-06
200302   8.4096E-03  1.5035E-01  2.6576E-01  6.1970E-01  2.7716E+00  4.6252E-06
200303   8.3126E-03  1.4862E-01  2.1301E-01  4.9670E-01  2.2210E+00  4.5718E-06
200304   8.1809E-03  1.4626E-01  1.4143E-01  3.2980E-01  1.4747E+00  4.4994E-06
200305   8.0503E-03  1.4393E-01  7.0460E-02  1.6420E-01  7.3410E-01  4.4276E-06
200306   7.9553E-03  1.4223E-01  1.8790E-02  4.3700E-02  1.9630E-01  4.3753E-06
200307   7.9207E-03  1.4161E-01  0.0000E+00  0.0000E+00  0.0000E+00  4.3563E-06
200308   7.9553E-03  1.4223E-01  1.8790E-02  4.3700E-02  1.9630E-01  4.3753E-06
200309   8.0503E-03  1.4393E-01  7.0460E-02  1.6420E-01  7.3410E-01  4.4276E-06
200310   8.1809E-03  1.4626E-01  1.4143E-01  3.2980E-01  1.4747E+00  4.4994E-06
200311   8.3126E-03  1.4862E-01  2.1301E-01  4.9670E-01  2.2210E+00  4.5718E-06
200312   8.4096E-03  1.5035E-01  2.6576E-01  6.1970E-01  2.7716E+00  4.6252E-06
200401   8.4453E-03  1.5099E-01  2.8513E-01  6.6490E-01  2.9736E+00  4.6449E-06
200402   8.4096E-03  1.5035E-01  2.6576E-01  6.1970E-01  2.7716E+00  4.6252E-06
200403   8.3126E-03  1.4862E-01  2.1301E-01  4.9670E-01  2.2210E+00  4.5718E-06
200404   8.1809E-03  1.4626E-01  1.4143E-01  3.2980E-01  1.4747E+00  4.4994E-06
200405   8.0503E-03  1.4393E-01  7.0460E-02  1.6420E-01  7.3410E-01  4.4276E-06
200406   7.9553E-03  1.4223E-01  1.8790E-02  4.3700E-02  1.9630E-01  4.3753E-06
200407   7.9207E-03  1.4161E-01  0.0000E+00  0.0000E+00  0.0000E+00  4.3563E-06
200408   7.9553E-03  1.4223E-01  1.8790E-02  4.3700E-02  1.9630E-01  4.3753E-06
200409   8.0503E-03  1.4393E-01  7.0460E-02  1.6420E-01  7.3410E-01  4.4276E-06
200410   8.1809E-03  1.4626E-01  1.4143E-01  3.2980E-01  1.4747E+00  4.4994E-06
200411   8.3126E-03  1.4862E-01  2.1301E-01  4.9670E-01  2.2210E+00  4.5718E-06
200412   8.4096E-03  1.5035E-01  2.6576E-01  6.1970E-01  2.7716E+00  4.6252E-06
200501   8.4453E-03  1.5099E-01  2.8513E-01  6.6490E-01  2.9736E+00  4.6449E-06
200502   8.4096E-03  1.5035E-01  2.6576E-01  6.1970E-01  2.7716E+00  4.6252E-06
200503   8.3126E-03  1.4862E-01  2.1301E-01  4.9670E-01  2.2210E+00  4.5718E-06
200504   8.1809E-03  1.4626E-01  1.4143E-01  3.2980E-01  1.4747E+00  4.4994E-06
200505   8.0503E-03  1.4393E-01  7.0460E-02  1.6420E-01  7.3410E-01  4.4276E-06
200506   7.9553E-03  1.4223E-01  1.8790E-02  4.3700E-02  1.9630E-01  4.3753E-06
200507   7.9207E-03  1.4161E-01  0.0000E+00  0.0000E+00  0.0000E+00  4.3563E-06
200508   7.9553E-03  1.4223E-01  1.8790E-02  4.3700E-02  1.9630E-01  4.3753E-06
200509   8.0503E-03  1.4393E-01  7.0460E-02  1.6420E-01  7.3410E-01  4.4276E-06
200510   8.1809E-03  1.4626E-01  1.4143E-01  3.2980E-01  1.4747E+00  4.4994E-06
200511   8.3126E-03  1.4862E-01  2.1301E-01  4.9670E-01  2.2210E+00  4.5718E-06
200512   8.4096E-03  1.5035E-01  2.6576E-01  6.1970E-01  2.7716E+00  4.6252E-06
200601   8.4453E-03  1.5099E-01  2.8513E-01  6.6490E-01  2.9736E+00  4.6449E-06
200602   8.4096E-03  1.5035E-01  2.6576E-01  6.1970E-01  2.7716E+00  4.6252E-06
200603   8.3126E-03  1.4862E-01  2.1301E-01  4.9670E-01  2.2210E+00  4.5718E-06
200604   8.1809E-03  1.4626E-01  1.4143E-01  3.2980E-01  1.4747E+00  4.4994E-06
200605   8.0503E-03  1.4393E-01  7.0460E-02  1.6420E-01  7.3410E-01  4.4276E-06
200606   7.9553E-03  1.4223E-01  1.8790E-02  4.3700E-02  1.9630E-01  4.3753E-06
200607   7.9207E-03  1.4161E-01  0.0000E+00  0.0000E+00  0.0000E+00  4.3563E-06
200608   7.9553E-03  1.4223E-01  1.8790E-02  4.3700E-02  1.9630E-01  4.3753E-06
200609   8.0503E-03  1.4393E-01  7.0460E-02  1.6420E-01  7.3410E-01  4.4276E-06
200610   8.1809E-03  1.4626E-01  1.4143E-01  3.2980E-01  1.4747E+00  4.4994E-06
200611   8.3126E-03  1.4862E-01  2.1301E-01  4.9670E-01  2.2210E+00  4.5718E-06
200612   8.4096E-03  1.5035E-01  2.6576E-01  6.1970E-01  2.7716E+00  4.6252E-06
200701   8.4453E-03  1.5099E-01  2.8513E-01  6.6490E-01  2.9736E+00  4.6449E-06
200702   8.4096E-03  1.5035E-01  2.6576E-01  6.1970E-01  2.7716E+00  4.6252E-06
200703   8.3126E-03  1.4862E-01  2.1301E-01  4.9670E-01  2.2210E+00  4.5718E-06
200704   8.1809E-03  1.4626E-01  1.4143E-01  3.2980E-01  1.4747E+00  4.4994E-06
200705   8.0503E-03  1.4393E-01  7.0460E-02  1.6420E-01  7.3410E-01  4.4276E-06
200706   7.9553E-03  1.4223E-01  1.8790E-02  4.3700E-02  1.9630E-01  4.3753E-06
200707   7.9207E-03  1.4161E-01  0.0000E+00  0.0000E+00  0.0000E+00  4.3563E-06
200708   7.9553E-03  1.4223E-01  1.8790E-02  4.3700E-02  1.9630E-01  4.3753E-06
200709   8.0503E-03  1.4393E-01  7.0460E-02  1.6420E-01  7.3410E-01  4.4276E-06
200710   8.1809E-03  1.4626E-01  1.4143E-01  3.2980E-01  1.4747E+00  4.4994E-06
200711   8.3126E-03  1.4862E-01  2.1301E-01  4.9670E-01  2.2210E+00  4.5718E-06
200712   8.4096E-03  1.5035E-01  2.6576E-01  6.1970E-01  2.7716E+00  4.6252E-06
200801   8.4453E-03  1.5099E-01  2.8513E-01  6.6490E-01  2.9736E+00  4.6449E-06
200802   8.4096E-03  1.5035E-01  2.6576E-01  6.1970E-01  2.7716E+00  4.6252E-06
200803   8.3126E-03  1.4862E-01  2.1301E-01  4.9670E-01  2.2210E+00  4.5718E-06
200804   8.1809E-03  1.4626E-01  1.4143E-01  3.2980E-01  1.4747E+00  4.4994E-06
200805   8.0503E-03  1.4393E-01  7.0460E-02  1.6420E-01  7.3410E-01  4.4276E-06
200806   7.9553E-03  1.4223E-01  1.8790E-02  4.3700E-02  1.9630E-01  4.3753E-06
200807   7.9207E-03  1.4161E-01  0.0000E+00  0.0000E+00  0.0000E+00  4.3563E-06
200808   7.9553E-03  1.4223E-01  1.8790E-02  4.3700E-02  1.9630E-01  4.3753E-06
200809   8.0503E-03  1.4393E-01  7.0460E-02  1.6420E-01  7.3410E-01  4.4276E-06
200810   8.1809E-03  1.4626E-01  1.4143E-01  3.2980E-01  1.4747E+00  4.4994E-06
200811   8.3126E-03  1.4862E-01  2.1301E-01  4.9670E-01  2.2210E+00  4.5718E-06
200812   8.4096E-03  1.5035E-01  2.6576E-01  6.1970E-01  2.7716E+00  4.6252E-06
200901   8.4453E-03  1.5099E-01  2.8513E-01  6.6490E-01  2.9736E+00  4.6449E-06
200902   8.4096E-03  1.5035E-01  2.6576E-01  6.1970E-01  2.7716E+00  4.6252E-06
200903   8.3126E-03  1.4862E-01  2.1301E-01  4.9670E-01  2.2210E+00  4.5718E-06
200904   8.1809E-03  1.4626E-01  1.4143E-01  3.2980E-01  1.4747E+00  4.4994E-06
200905   8.0503E-03  1.4393E-01  7.0460E-02  1.6420E-01  7.3410E-01  4.4276E-06
200906   7.9553E-03  1.4223E-01  1.8790E-02  4.3700E-02  1.9630E-01  4.3753E-06
200907   7.9207E-03  1.4161E-01  0.0000E+00  0.0000E+00  0.0000E+00  4.3563E-06
200908   7.9553E-03  1.4223E-01  1.8790E-02  4.3700E-02  1.9630E-01  4.3753E-06
200909   8.0503E-03  1.4393E-01  7.0460E-02  1.6420E-01  7.3410E-01  4.4276E-06
200910   8.1809E-03  1.4626E-01  1.4143E-01  3.2980E-01  1.4747E+00  4.4994E-06
200911   8.3126E-03  1.4862E-01  2.1301E-01  4.9670E-01  2.2210E+00  4.5718E-06
200912   8.4096E-03  1.5035E-01  2.6576E-01  6.1970E-01  2.7716E+00  4.6252E-06
201001   8.4453E-03  1.5099E-01  2.8513E-01  6.6490E-01  2.9736E+00  4.6449E-06
201002   8.4096E-03  1.5035E-01  2.6576E-01  6.1970E-01  2.7716E+00  4.6252E-06
201003   8.3126E-03  1.4862E-01  2.1301E-01  4.9670E-01  2.2210E+00  4.5718E-06
201004   8.1809E-03  1.4626E-01  1.4143E-01  3.2980E-01  1.4747E+00  4.4994E-06
201005   8.0503E-03  1.4393E-01  7.0460E-02  1.6420E-01  7.3410E-01  4.4276E-06
201006   7.9553E-03  1.4223E-01  1.8790E-02  4.3700E-02  1.9630E-01  4.3753E-06
201007   7.9207E-03  1.4161E-01  0.0000E+00  0.0000E+00  0.0000E+00  4.3563E-06
201008   7.9553E-03  1.4223E-01  1.8790E-02  4.3700E-02  1.9630E-01  4.3753E-06
201009   8.0503E-03  1.4393E-01  7.0460E-02  1.6420E-01  7.3410E-01  4.4276E-06
201010   8.1809E-03  1.4626E-01  1.4143E-01  3.2980E-01  1.4747E+00  4.4994E-06
201011   8.3126E-03  1.4862E-01  2.1301E-01  4.9670E-01  2.2210E+00  4.5718E-06
201012   8.4096E-03  1.5035E-01  2.6576E-01  6.1970E-01  2.7716E+00  4.6252E-06
201101   8.4453E-03  1.5099E-01  2.8513E-01  6.6490E-01  2.9736E+00  4.6449E-06
201102   8.4096E-03  1.5035E-01  2.6576E-01  6.1970E-01  2.7716E+00  4.6252E-06
201103   8.3126E-03  1.4862E-01  2.1301E-01  4.9670E-01  2.2210E+00  4.5718E-06
201104   8.1809E-03  1.4626E-01  1.4143E-01  3.2980E-01  1.4747E+00  4.4994E-06
201105   8.0503E-03  1.4393E-01  7.0460E-02  1.6420E-01  7.3410E-01  4.4276E-06
201106   7.9553E-03  1.4223E-01  1.8790E-02  4.3700E-02  1.9630E-01  4.3753E-06
201107   7.9207E-03  1.4161E-01  0.0000E+00  0.0000E+00  0.0000E+00  4.3563E-06
201108   7.9553E-03  1.4223E-01  1.8790E-02  4.3700E-02  1.9630E-01  4.3753E-06
201109   8.0503E-03  1.4393E-01  7.0460E-02  1.6420E-01  7.3410E-01  4.4276E-06
201110   8.1809E-03  1.4626E-01  1.4143E-01  3.2980E-01  1.4747E+00  4.4994E-06
201111   8.3126E-03  1.4862E-01  2.1301E-01  4.9670E-01  2.2210E+00  4.5718E-06
201112   8.4096E-03  1.5035E-01  2.6576E-01  6.1970E-01  2.7716E+00  4.6252E-06
