197501   7.8303E-03  1.4845E-01  4.8255E-01  9.0230E-01  3.1266E+00  4.6357E-06
197502   7.3376E-03  1.4616E-01  4.4056E-01  8.3130E-01  2.8962E+00  4.5678E-06
197503   7.2928E-03  1.4452E-01  3.7685E-01  6.9320E-01  2.3351E+00  4.5195E-06
197504   7.2529E-03  1.4250E-01  3.0301E-01  5.2250E-01  1.5950E+00  4.4563E-06
197505   7.3383E-03  1.4096E-01  2.3484E-01  3.5760E-01  8.5530E-01  4.4070E-06
197506   7.2296E-03  1.3925E-01  1.8540E-01  2.4000E-01  3.2240E-01  4.3523E-06
197507   7.2600E-03  1.3883E-01  1.6845E-01  1.9740E-01  1.1580E-01  4.3391E-06
197508   7.2400E-03  1.3929E-01  1.9256E-01  2.5150E-01  3.3320E-01  4.3531E-06
197509   7.4725E-03  1.4147E-01  2.5085E-01  3.8150E-01  8.8670E-01  4.4211E-06
197510   7.4890E-03  1.4337E-01  3.1988E-01  5.4480E-01  1.6124E+00  4.4812E-06
197511   7.5170E-03  1.4536E-01  3.8953E-01  7.1000E-01  2.3562E+00  4.5439E-06
197512   7.3707E-03  1.4627E-01  4.3599E-01  8.2630E-01  2.8955E+00  4.5725E-06
197601   6.8704E-03  1.4432E-01  3.7829E-01  7.8370E-01  3.0477E+00  4.5378E-06
197602   6.7780E-03  1.4349E-01  3.5620E-01  7.3520E-01  2.8441E+00  4.5120E-06
197603   6.8476E-03  1.4233E-01  3.0512E-01  6.1220E-01  2.2962E+00  4.4757E-06
197604   6.7743E-03  1.4020E-01  2.3377E-01  4.4520E-01  1.5521E+00  4.4086E-06
197605   6.5526E-03  1.3757E-01  1.5992E-01  2.7710E-01  8.1020E-01  4.3260E-06
197606   6.4548E-03  1.3587E-01  1.0677E-01  1.5490E-01  2.6900E-01  4.2727E-06
197607   6.3987E-03  1.3519E-01  8.7790E-02  1.1120E-01  7.3700E-02  4.2512E-06
197608   6.5752E-03  1.3628E-01  1.0981E-01  1.5830E-01  2.7440E-01  4.2857E-06
197609   6.5974E-03  1.3773E-01  1.6129E-01  2.7910E-01  8.1160E-01  4.3309E-06
197610   6.7050E-03  1.3995E-01  2.3297E-01  4.4560E-01  1.5514E+00  4.4010E-06
197611   6.7367E-03  1.4196E-01  3.0459E-01  6.1350E-01  2.2957E+00  4.4637E-06
197612   6.8744E-03  1.4383E-01  3.6086E-01  7.4080E-01  2.8481E+00  4.5220E-06
197701   6.9270E-03  1.4454E-01  3.8529E-01  7.9320E-01  3.0563E+00  4.5435E-06
197702   7.0079E-03  1.4433E-01  3.7260E-01  7.5620E-01  2.8607E+00  4.5358E-06
197703   6.8402E-03  1.4243E-01  3.2456E-01  6.4040E-01  2.3131E+00  4.4738E-06
197704   6.8501E-03  1.4065E-01  2.6302E-01  4.8540E-01  1.5762E+00  4.4155E-06
197705   6.8426E-03  1.3884E-01  2.0322E-01  3.3360E-01  8.4820E-01  4.3554E-06
197706   7.0048E-03  1.3810E-01  1.6388E-01  2.2610E-01  3.1580E-01  4.3295E-06
197707   6.9269E-03  1.3745E-01  1.5387E-01  1.9480E-01  1.3550E-01  4.3059E-06
197708   7.0360E-03  1.3838E-01  1.8115E-01  2.4850E-01  3.3880E-01  4.3329E-06
197709   7.1322E-03  1.4008E-01  2.3874E-01  3.7450E-01  8.6030E-01  4.3844E-06
197710   7.1450E-03  1.4210E-01  3.2318E-01  5.5810E-01  1.6034E+00  4.4437E-06
197711   7.6375E-03  1.4593E-01  4.2916E-01  7.7080E-01  2.4108E+00  4.5567E-06
197712   7.9196E-03  1.4849E-01  5.0993E-01  9.2740E-01  2.9770E+00  4.6296E-06
197801   7.9371E-03  1.4924E-01  5.5040E-01  9.9760E-01  3.1876E+00  4.6457E-06
197802   8.7425E-03  1.5153E-01  5.5577E-01  9.7560E-01  3.0128E+00  4.7148E-06
197803   8.3856E-03  1.4896E-01  5.0024E-01  8.4900E-01  2.4495E+00  4.6314E-06
197804   8.1550E-03  1.4625E-01  4.2552E-01  6.7750E-01  1.6894E+00  4.5461E-06
197805   8.1322E-03  1.4433E-01  3.5829E-01  5.1750E-01  9.5910E-01  4.4853E-06
197806   8.1838E-03  1.4321E-01  3.1436E-01  4.0880E-01  4.4250E-01  4.4489E-06
197807   8.0555E-03  1.4235E-01  2.9774E-01  3.6870E-01  2.4860E-01  4.4202E-06
197808   7.7485E-03  1.4188E-01  3.1315E-01  4.0880E-01  4.3150E-01  4.4031E-06
197809   8.3897E-03  1.4537E-01  3.7620E-01  5.3450E-01  9.6590E-01  4.5123E-06
197810   8.5086E-03  1.4776E-01  4.5749E-01  7.1090E-01  1.7203E+00  4.5827E-06
197811   8.4763E-03  1.4973E-01  5.4234E-01  8.9110E-01  2.4604E+00  4.6371E-06
197812   8.9141E-03  1.5286E-01  6.2417E-01  1.0432E+00  3.0116E+00  4.7264E-06
197901   9.8354E-03  1.5674E-01  6.9129E-01  1.1460E+00  3.2827E+00  4.8400E-06
197902   9.9362E-03  1.5668E-01  6.9240E-01  1.1308E+00  3.1134E+00  4.8339E-06
197903   9.8419E-03  1.5496E-01  6.4465E-01  1.0201E+00  2.5894E+00  4.7802E-06
197904   9.1038E-03  1.5047E-01  5.4747E-01  8.2280E-01  1.7877E+00  4.6421E-06
197905   8.8111E-03  1.4745E-01  4.5700E-01  6.3400E-01  1.0357E+00  4.5521E-06
197906   8.7908E-03  1.4596E-01  3.9157E-01  4.9050E-01  4.6680E-01  4.5083E-06
197907   8.6851E-03  1.4514E-01  3.6885E-01  4.4170E-01  2.7650E-01  4.4818E-06
197908   8.8162E-03  1.4616E-01  3.9610E-01  4.9280E-01  4.7780E-01  4.5108E-06
197909   9.2632E-03  1.4921E-01  4.6742E-01  6.3290E-01  1.0325E+00  4.6010E-06
197910   9.5143E-03  1.5204E-01  5.5428E-01  8.1640E-01  1.7841E+00  4.6854E-06
197911   9.8082E-03  1.5498E-01  6.3586E-01  9.9410E-01  2.5352E+00  4.7758E-06
197912   9.5664E-03  1.5553E-01  6.8236E-01  1.1148E+00  3.0918E+00  4.7937E-06
198001   9.6728E-03  1.5633E-01  6.9032E-01  1.1440E+00  3.2746E+00  4.8223E-06
198002   9.4354E-03  1.5489E-01  6.5533E-01  1.0799E+00  3.0515E+00  4.7811E-06
198003   8.9979E-03  1.5198E-01  5.8981E-01  9.4680E-01  2.5132E+00  4.6917E-06
198004   9.0411E-03  1.5012E-01  5.1153E-01  7.6610E-01  1.7357E+00  4.6361E-06
198005   9.3153E-03  1.4908E-01  4.4488E-01  6.0490E-01  1.0139E+00  4.6061E-06
198006   8.8529E-03  1.4619E-01  3.8654E-01  4.8180E-01  4.8100E-01  4.5149E-06
198007   8.7897E-03  1.4547E-01  3.6543E-01  4.3620E-01  2.8260E-01  4.4931E-06
198008   8.5667E-03  1.4524E-01  3.7858E-01  4.7440E-01  4.6420E-01  4.4853E-06
198009   8.8325E-03  1.4750E-01  4.3620E-01  6.0010E-01  1.0052E+00  4.5560E-06
198010   9.1089E-03  1.5031E-01  5.1699E-01  7.7810E-01  1.7621E+00  4.6435E-06
198011   9.2300E-03  1.5266E-01  5.9423E-01  9.4980E-01  2.4946E+00  4.7154E-06
198012   9.7470E-03  1.5584E-01  6.6313E-01  1.0950E+00  3.0865E+00  4.8144E-06
198101   9.0177E-03  1.5395E-01  6.7248E-01  1.1347E+00  3.2726E+00  4.7524E-06
198102   9.2654E-03  1.5428E-01  6.5550E-01  1.0858E+00  3.0439E+00  4.7629E-06
198103   9.3872E-03  1.5329E-01  6.0668E-01  9.7030E-01  2.5243E+00  4.7324E-06
198104   9.5468E-03  1.5186E-01  5.3388E-01  8.0270E-01  1.7989E+00  4.6905E-06
198105   8.9596E-03  1.4793E-01  4.4090E-01  6.1010E-01  1.0271E+00  4.5696E-06
198106   8.2602E-03  1.4421E-01  3.6726E-01  4.6100E-01  4.5080E-01  4.4526E-06
198107   8.6081E-03  1.4497E-01  3.5251E-01  4.0970E-01  2.2550E-01  4.4741E-06
198108   9.1820E-03  1.4755E-01  3.9713E-01  4.8290E-01  4.7270E-01  4.5502E-06
198109   9.5899E-03  1.5042E-01  4.7255E-01  6.3360E-01  1.0509E+00  4.6356E-06
198110   9.5942E-03  1.5240E-01  5.4895E-01  8.0580E-01  1.7752E+00  4.6947E-06
198111   9.4651E-03  1.5386E-01  6.1590E-01  9.7110E-01  2.5210E+00  4.7406E-06
198112   9.6190E-03  1.5566E-01  6.6095E-01  1.0837E+00  3.0674E+00  4.8009E-06
198201   9.1168E-03  1.5438E-01  6.5515E-01  1.0997E+00  3.2460E+00  4.7643E-06
198202   9.4081E-03  1.5468E-01  6.2207E-01  1.0292E+00  3.0115E+00  4.7799E-06
198203   9.2770E-03  1.5265E-01  5.5126E-01  8.8480E-01  2.4585E+00  4.7225E-06
198204   8.4916E-03  1.4802E-01  4.5228E-01  6.9030E-01  1.6933E+00  4.5810E-06
198205   8.2567E-03  1.4526E-01  3.6988E-01  5.1440E-01  9.5830E-01  4.4984E-06
198206   8.2736E-03  1.4387E-01  3.1393E-01  3.8470E-01  3.9040E-01  4.4568E-06
198207   8.2632E-03  1.4338E-01  3.0248E-01  3.5410E-01  2.1830E-01  4.4399E-06
198208   8.5384E-03  1.4491E-01  3.3783E-01  4.1880E-01  4.3350E-01  4.4852E-06
198209   8.8135E-03  1.4731E-01  4.0688E-01  5.6280E-01  9.9640E-01  4.5571E-06
198210   8.9621E-03  1.4979E-01  4.8946E-01  7.4450E-01  1.7504E+00  4.6318E-06
198211   8.9276E-03  1.5155E-01  5.5932E-01  9.0950E-01  2.4798E+00  4.6873E-06
198212   9.4719E-03  1.5467E-01  6.1333E-01  1.0335E+00  3.0513E+00  4.7899E-06
198301   8.6783E-03  1.5231E-01  5.9686E-01  1.0400E+00  3.2131E+00  4.7222E-06
198302   8.2145E-03  1.5006E-01  5.4847E-01  9.6080E-01  2.9766E+00  4.6581E-06
198303   8.0235E-03  1.4785E-01  4.7648E-01  8.1480E-01  2.4134E+00  4.5947E-06
198304   7.9716E-03  1.4572E-01  3.9800E-01  6.3920E-01  1.6715E+00  4.5304E-06
198305   7.9913E-03  1.4388E-01  3.2684E-01  4.7210E-01  9.2970E-01  4.4734E-06
198306   8.0659E-03  1.4277E-01  2.7805E-01  3.5450E-01  3.9440E-01  4.4387E-06
198307   7.8191E-03  1.4141E-01  2.5582E-01  3.1080E-01  2.0320E-01  4.3969E-06
198308   7.9121E-03  1.4216E-01  2.7152E-01  3.5320E-01  4.0810E-01  4.4232E-06
198309   7.6691E-03  1.4259E-01  3.0752E-01  4.5660E-01  9.2390E-01  4.4404E-06
198310   7.7489E-03  1.4462E-01  3.6598E-01  6.0650E-01  1.6506E+00  4.5084E-06
198311   7.5752E-03  1.4585E-01  4.2343E-01  7.5720E-01  2.3877E+00  4.5497E-06
198312   7.5821E-03  1.4724E-01  4.6900E-01  8.6900E-01  2.9294E+00  4.5941E-06
198401   7.7859E-03  1.4843E-01  4.8799E-01  9.0490E-01  3.1028E+00  4.6305E-06
198402   8.2055E-03  1.4943E-01  4.8109E-01  8.7090E-01  2.9278E+00  4.6597E-06
198403   8.1074E-03  1.4778E-01  4.3240E-01  7.5490E-01  2.4061E+00  4.6059E-06
198404   7.8693E-03  1.4500E-01  3.4922E-01  5.7070E-01  1.6210E+00  4.5206E-06
198405   7.6336E-03  1.4217E-01  2.6484E-01  3.9220E-01  8.7530E-01  4.4366E-06
198406   7.2507E-03  1.3940E-01  1.9496E-01  2.5610E-01  3.3620E-01  4.3549E-06
198407   7.0373E-03  1.3796E-01  1.5693E-01  1.9370E-01  1.3330E-01  4.3170E-06
198408   6.8116E-03  1.3749E-01  1.5327E-01  2.1230E-01  3.0650E-01  4.3093E-06
198409   6.7305E-03  1.3841E-01  1.8706E-01  3.1190E-01  8.3070E-01  4.3440E-06
198410   6.6800E-03  1.3999E-01  2.4309E-01  4.5920E-01  1.5544E+00  4.3981E-06
198411   6.7675E-03  1.4207E-01  3.0674E-01  6.1610E-01  2.2947E+00  4.4668E-06
198412   6.8474E-03  1.4369E-01  3.5641E-01  7.3610E-01  2.8501E+00  4.5193E-06
198501   6.8255E-03  1.4412E-01  3.7218E-01  7.7570E-01  3.0402E+00  4.5331E-06
198502   6.8421E-03  1.4368E-01  3.5456E-01  7.3280E-01  2.8459E+00  4.5190E-06
198503   6.7703E-03  1.4207E-01  3.0319E-01  6.1070E-01  2.2962E+00  4.4673E-06
198504   6.7025E-03  1.3998E-01  2.3391E-01  4.4460E-01  1.5466E+00  4.4006E-06
198505   6.7004E-03  1.3814E-01  1.6716E-01  2.8340E-01  8.1250E-01  4.3416E-06
198506   6.6025E-03  1.3647E-01  1.1747E-01  1.6660E-01  2.8000E-01  4.2883E-06
198507   6.6123E-03  1.3600E-01  9.9540E-02  1.2400E-01  8.3800E-02  4.2736E-06
198508   6.5877E-03  1.3642E-01  1.1736E-01  1.6810E-01  2.8330E-01  4.2870E-06
198509   6.5847E-03  1.3775E-01  1.6611E-01  2.8530E-01  8.1400E-01  4.3294E-06
198510   6.7414E-03  1.4015E-01  2.3746E-01  4.5090E-01  1.5516E+00  4.4052E-06
198511   6.7879E-03  1.4218E-01  3.0962E-01  6.2010E-01  2.3007E+00  4.4692E-06
198512   6.8839E-03  1.4390E-01  3.6519E-01  7.4700E-01  2.8557E+00  4.5230E-06
198601   6.8998E-03  1.4449E-01  3.8606E-01  7.9400E-01  3.0568E+00  4.5407E-06
198602   7.0859E-03  1.4462E-01  3.7099E-01  7.5160E-01  2.8581E+00  4.5447E-06
198603   6.9376E-03  1.4274E-01  3.1649E-01  6.2750E-01  2.3091E+00  4.4853E-06
198604   6.7899E-03  1.4033E-01  2.4173E-01  4.5660E-01  1.5582E+00  4.4103E-06
198605   6.6404E-03  1.3789E-01  1.6760E-01  2.8900E-01  8.2250E-01  4.3351E-06
198606   6.4167E-03  1.3573E-01  1.0946E-01  1.6090E-01  2.7320E-01  4.2685E-06
198607   6.4422E-03  1.3531E-01  8.8990E-02  1.1460E-01  7.7900E-02  4.2558E-06
198608   6.3829E-03  1.3560E-01  1.0496E-01  1.5430E-01  2.6680E-01  4.2650E-06
198609   6.5045E-03  1.3739E-01  1.5829E-01  2.7570E-01  8.0600E-01  4.3208E-06
198610   6.8396E-03  1.4041E-01  2.3528E-01  4.4710E-01  1.5555E+00  4.4153E-06
198611   6.9078E-03  1.4253E-01  3.0722E-01  6.1510E-01  2.3043E+00  4.4819E-06
198612   6.8434E-03  1.4368E-01  3.5514E-01  7.3280E-01  2.8444E+00  4.5189E-06
198701   6.8122E-03  1.4405E-01  3.7079E-01  7.7380E-01  3.0429E+00  4.5315E-06
198702   6.7296E-03  1.4325E-01  3.4941E-01  7.2570E-01  2.8363E+00  4.5066E-06
198703   6.6815E-03  1.4171E-01  2.9917E-01  6.0530E-01  2.2893E+00  4.4574E-06
198704   6.7607E-03  1.4013E-01  2.3431E-01  4.4490E-01  1.5454E+00  4.4064E-06
198705   6.7211E-03  1.3817E-01  1.7095E-01  2.8950E-01  8.1960E-01  4.3431E-06
198706   6.5845E-03  1.3639E-01  1.2391E-01  1.7630E-01  2.8840E-01  4.2854E-06
198707   6.6473E-03  1.3616E-01  1.1147E-01  1.3920E-01  9.5200E-02  4.2765E-06
198708   6.7445E-03  1.3705E-01  1.3619E-01  1.8850E-01  2.8840E-01  4.3022E-06
198709   6.7691E-03  1.3856E-01  1.9373E-01  3.1700E-01  8.3070E-01  4.3474E-06
198710   7.0448E-03  1.4143E-01  2.7585E-01  4.9610E-01  1.5808E+00  4.4354E-06
198711   7.2546E-03  1.4410E-01  3.5993E-01  6.7970E-01  2.3422E+00  4.5168E-06
198712   7.2390E-03  1.4553E-01  4.2210E-01  8.1550E-01  2.8932E+00  4.5582E-06
198801   7.5500E-03  1.4721E-01  4.6049E-01  8.8360E-01  3.1176E+00  4.6070E-06
198802   7.5988E-03  1.4698E-01  4.5402E-01  8.5360E-01  2.9248E+00  4.5955E-06
198803   7.6191E-03  1.4578E-01  4.1393E-01  7.4290E-01  2.3712E+00  4.5531E-06
198804   7.7567E-03  1.4448E-01  3.6003E-01  5.9570E-01  1.6458E+00  4.5076E-06
198805   7.6605E-03  1.4243E-01  3.0295E-01  4.4720E-01  9.2840E-01  4.4379E-06
198806   7.8964E-03  1.4198E-01  2.6610E-01  3.3770E-01  3.8130E-01  4.4192E-06
198807   7.9098E-03  1.4164E-01  2.6007E-01  3.0730E-01  1.8320E-01  4.4035E-06
198808   8.1157E-03  1.4300E-01  3.0010E-01  3.7760E-01  4.0860E-01  4.4404E-06
198809   8.4870E-03  1.4579E-01  3.7622E-01  5.2870E-01  9.8210E-01  4.5221E-06
198810   8.6752E-03  1.4842E-01  4.6460E-01  7.1270E-01  1.7146E+00  4.5993E-06
198811   8.6491E-03  1.5046E-01  5.5298E-01  8.9950E-01  2.4600E+00  4.6553E-06
198812   9.3145E-03  1.5423E-01  6.3772E-01  1.0579E+00  3.0413E+00  4.7680E-06
198901   9.9255E-03  1.5689E-01  6.8841E-01  1.1407E+00  3.2864E+00  4.8471E-06
198902   9.7297E-03  1.5584E-01  6.7751E-01  1.1091E+00  3.0974E+00  4.8102E-06
198903   9.3397E-03  1.5323E-01  6.2116E-01  9.8000E-01  2.5125E+00  4.7251E-06
198904   9.0779E-03  1.5050E-01  5.5037E-01  8.1580E-01  1.7711E+00  4.6375E-06
198905   9.3576E-03  1.4968E-01  4.9177E-01  6.6260E-01  1.0565E+00  4.6089E-06
198906   9.8443E-03  1.5004E-01  4.5264E-01  5.4760E-01  5.0990E-01  4.6179E-06
198907   9.3318E-03  1.4790E-01  4.3329E-01  5.1070E-01  3.4360E-01  4.5471E-06
198908   9.5301E-03  1.4910E-01  4.5539E-01  5.5090E-01  5.0670E-01  4.5836E-06
198909   9.5797E-03  1.5068E-01  5.1109E-01  6.7550E-01  1.0315E+00  4.6314E-06
198910   9.7793E-03  1.5326E-01  5.9637E-01  8.6760E-01  1.8269E+00  4.7114E-06
198911   1.0219E-02  1.5664E-01  6.7953E-01  1.0491E+00  2.5842E+00  4.8177E-06
198912   1.0152E-02  1.5776E-01  7.2845E-01  1.1706E+00  3.1290E+00  4.8542E-06
199001   1.0002E-02  1.5765E-01  7.3534E-01  1.2035E+00  3.3236E+00  4.8549E-06
199002   9.4471E-03  1.5516E-01  6.9347E-01  1.1334E+00  3.0879E+00  4.7802E-06
199003   9.3349E-03  1.5325E-01  6.2730E-01  9.9470E-01  2.5286E+00  4.7251E-06
199004   9.3473E-03  1.5131E-01  5.4903E-01  8.2140E-01  1.7996E+00  4.6678E-06
199005   9.0155E-03  1.4825E-01  4.6259E-01  6.3390E-01  1.0263E+00  4.5738E-06
199006   8.8256E-03  1.4621E-01  4.0274E-01  5.0310E-01  4.9260E-01  4.5110E-06
199007   8.8490E-03  1.4581E-01  3.7854E-01  4.4590E-01  2.7320E-01  4.4981E-06
199008   9.3053E-03  1.4785E-01  4.0293E-01  4.8900E-01  4.6730E-01  4.5623E-06
199009   9.1888E-03  1.4884E-01  4.5544E-01  6.1600E-01  1.0425E+00  4.5923E-06
199010   9.2992E-03  1.5111E-01  5.2332E-01  7.7340E-01  1.7667E+00  4.6631E-06
199011   8.9554E-03  1.5189E-01  5.8030E-01  9.1330E-01  2.4361E+00  4.6856E-06
199012   9.2806E-03  1.5448E-01  6.4953E-01  1.0590E+00  3.0362E+00  4.7638E-06
199101   9.6677E-03  1.5648E-01  6.9177E-01  1.1260E+00  3.2295E+00  4.8203E-06
199102   1.0165E-02  1.5784E-01  7.0361E-01  1.1228E+00  3.0867E+00  4.8575E-06
199103   1.0160E-02  1.5655E-01  6.6839E-01  1.0285E+00  2.5741E+00  4.8132E-06
199104   9.7839E-03  1.5347E-01  5.9646E-01  8.6800E-01  1.8416E+00  4.7146E-06
199105   9.3389E-03  1.5010E-01  5.1062E-01  6.8010E-01  1.0425E+00  4.6089E-06
199106   9.4571E-03  1.4913E-01  4.5909E-01  5.5770E-01  5.0670E-01  4.5791E-06
199107   9.7007E-03  1.4947E-01  4.4705E-01  5.2290E-01  3.3870E-01  4.5897E-06
199108   9.7998E-03  1.5032E-01  4.6774E-01  5.6780E-01  5.3520E-01  4.6160E-06
199109   9.5741E-03  1.5092E-01  5.1480E-01  6.8650E-01  1.0815E+00  4.6346E-06
199110   9.6598E-03  1.5309E-01  5.7893E-01  8.3510E-01  1.7723E+00  4.7026E-06
199111   9.4550E-03  1.5434E-01  6.4889E-01  1.0043E+00  2.5369E+00  4.7398E-06
199112   9.8413E-03  1.5710E-01  7.0860E-01  1.1260E+00  3.0525E+00  4.8246E-06
199201   1.0378E-02  1.5946E-01  7.4780E-01  1.2018E+00  3.3247E+00  4.8984E-06
199202   1.0602E-02  1.5962E-01  7.2816E-01  1.1581E+00  3.1284E+00  4.9069E-06
199203   9.7674E-03  1.5516E-01  6.4333E-01  1.0082E+00  2.5651E+00  4.7750E-06
199204   9.2197E-03  1.5106E-01  5.2989E-01  7.9440E-01  1.7787E+00  4.6588E-06
199205   8.4045E-03  1.4607E-01  4.0835E-01  5.7090E-01  9.8560E-01  4.5147E-06
199206   7.9561E-03  1.4288E-01  3.1891E-01  4.0550E-01  4.1830E-01  4.4251E-06
199207   8.0079E-03  1.4236E-01  2.7942E-01  3.3340E-01  2.0680E-01  4.4161E-06
199208   7.9720E-03  1.4266E-01  2.8420E-01  3.5740E-01  3.8730E-01  4.4289E-06
199209   7.9631E-03  1.4397E-01  3.3210E-01  4.7430E-01  9.3020E-01  4.4708E-06
199210   8.1468E-03  1.4647E-01  4.0686E-01  6.4250E-01  1.6631E+00  4.5488E-06
199211   8.5167E-03  1.4965E-01  4.9019E-01  8.2470E-01  2.4319E+00  4.6476E-06
199212   8.5941E-03  1.5131E-01  5.4873E-01  9.5830E-01  3.0002E+00  4.6993E-06
199301   8.3527E-03  1.5101E-01  5.6166E-01  9.9790E-01  3.1913E+00  4.6901E-06
199302   8.3437E-03  1.5038E-01  5.3325E-01  9.3770E-01  2.9543E+00  4.6730E-06
199303   8.3915E-03  1.4903E-01  4.7613E-01  8.1370E-01  2.4341E+00  4.6349E-06
199304   7.9746E-03  1.4562E-01  3.8591E-01  6.2680E-01  1.6717E+00  4.5319E-06
199305   7.6272E-03  1.4242E-01  2.9320E-01  4.3590E-01  9.0750E-01  4.4371E-06
199306   7.4995E-03  1.4043E-01  2.2382E-01  2.9490E-01  3.6370E-01  4.3812E-06
199307   7.2126E-03  1.3878E-01  1.8269E-01  2.2450E-01  1.4770E-01  4.3353E-06
199308   7.0502E-03  1.3860E-01  1.8171E-01  2.4380E-01  3.2520E-01  4.3344E-06
199309   6.8871E-03  1.3930E-01  2.1683E-01  3.4300E-01  8.4380E-01  4.3600E-06
199310   7.0898E-03  1.4179E-01  2.8175E-01  4.9850E-01  1.5743E+00  4.4404E-06
199311   7.1563E-03  1.4390E-01  3.5152E-01  6.6260E-01  2.3172E+00  4.5069E-06
199312   7.4503E-03  1.4630E-01  4.1183E-01  7.9520E-01  2.8888E+00  4.5822E-06
199401   7.4933E-03  1.4693E-01  4.3126E-01  8.4060E-01  3.0836E+00  4.6024E-06
199402   7.4088E-03  1.4609E-01  4.0976E-01  7.9650E-01  2.8939E+00  4.5778E-06
199403   7.1971E-03  1.4392E-01  3.4774E-01  6.6440E-01  2.3381E+00  4.5123E-06
199404   6.7675E-03  1.4046E-01  2.5931E-01  4.7750E-01  1.5645E+00  4.4070E-06
199405   6.6845E-03  1.3823E-01  1.7940E-01  3.0050E-01  8.1970E-01  4.3398E-06
199406   6.5400E-03  1.3630E-01  1.1958E-01  1.6960E-01  2.7690E-01  4.2814E-06
199407   6.5981E-03  1.3599E-01  9.7640E-02  1.2080E-01  8.1400E-02  4.2726E-06
199408   6.4851E-03  1.3606E-01  1.1128E-01  1.5830E-01  2.6870E-01  4.2757E-06
199409   6.6020E-03  1.3781E-01  1.6330E-01  2.7840E-01  8.0360E-01  4.3310E-06
199410   6.8699E-03  1.4061E-01  2.4040E-01  4.5180E-01  1.5575E+00  4.4185E-06
199411   6.8643E-03  1.4250E-01  3.1274E-01  6.2120E-01  2.3033E+00  4.4772E-06
199412   7.0037E-03  1.4437E-01  3.6792E-01  7.4680E-01  2.8525E+00  4.5358E-06
199501   6.9712E-03  1.4475E-01  3.8670E-01  7.9220E-01  3.0565E+00  4.5480E-06
199502   7.0669E-03  1.4460E-01  3.6802E-01  7.4730E-01  2.8594E+00  4.5432E-06
199503   6.9218E-03  1.4267E-01  3.1010E-01  6.1680E-01  2.2997E+00  4.4837E-06
199504   6.6416E-03  1.3975E-01  2.3061E-01  4.4070E-01  1.5436E+00  4.3938E-06
199505   6.5036E-03  1.3740E-01  1.5480E-01  2.6940E-01  8.0000E-01  4.3208E-06
199506   6.4491E-03  1.3583E-01  1.0077E-01  1.4640E-01  2.6460E-01  4.2725E-06
199507   6.4388E-03  1.3528E-01  7.9780E-02  9.9700E-02  6.7200E-02  4.2562E-06
199508   6.4435E-03  1.3575E-01  9.6240E-02  1.4130E-01  2.6490E-01  4.2719E-06
199509   6.4439E-03  1.3709E-01  1.4370E-01  2.5670E-01  7.9590E-01  4.3150E-06
199510   6.6161E-03  1.3951E-01  2.1258E-01  4.1910E-01  1.5350E+00  4.3923E-06
199511   6.6157E-03  1.4134E-01  2.7775E-01  5.7890E-01  2.2755E+00  4.4516E-06
199512   6.6038E-03  1.4262E-01  3.2289E-01  6.9290E-01  2.8173E+00  4.4941E-06
199601   6.6060E-03  1.4307E-01  3.3557E-01  7.3010E-01  3.0164E+00  4.5106E-06
199602   6.4792E-03  1.4206E-01  3.0970E-01  6.7700E-01  2.8068E+00  4.4807E-06
199603   6.3730E-03  1.4029E-01  2.5327E-01  5.4910E-01  2.2510E+00  4.4258E-06
199604   6.2562E-03  1.3800E-01  1.8137E-01  3.8140E-01  1.5056E+00  4.3538E-06
199605   6.2602E-03  1.3619E-01  1.1416E-01  2.2000E-01  7.7290E-01  4.2958E-06
199606   6.2019E-03  1.3466E-01  6.5120E-02  1.0250E-01  2.3750E-01  4.2467E-06
199607   6.2108E-03  1.3422E-01  4.8670E-02  6.1300E-02  4.2100E-02  4.2322E-06
199608   6.2711E-03  1.3494E-01  6.9380E-02  1.0790E-01  2.4200E-01  4.2544E-06
199609   6.2911E-03  1.3635E-01  1.2082E-01  2.2840E-01  7.7960E-01  4.2990E-06
199610   6.3061E-03  1.3827E-01  1.9063E-01  3.9270E-01  1.5131E+00  4.3591E-06
199611   6.5315E-03  1.4094E-01  2.6536E-01  5.6210E-01  2.2574E+00  4.4427E-06
199612   6.7016E-03  1.4291E-01  3.2297E-01  6.9270E-01  2.8254E+00  4.5046E-06
199701   6.6242E-03  1.4317E-01  3.4088E-01  7.3680E-01  3.0206E+00  4.5123E-06
199702   6.5767E-03  1.4248E-01  3.2102E-01  6.9110E-01  2.8161E+00  4.4909E-06
199703   6.5235E-03  1.4092E-01  2.6938E-01  5.6940E-01  2.2693E+00  4.4415E-06
199704   6.4124E-03  1.3867E-01  1.9844E-01  4.0260E-01  1.5202E+00  4.3703E-06
199705   6.4158E-03  1.3684E-01  1.3228E-01  2.4280E-01  7.8980E-01  4.3118E-06
199706   6.2967E-03  1.3512E-01  8.3760E-02  1.2600E-01  2.5020E-01  4.2562E-06
199707   6.2401E-03  1.3450E-01  7.0720E-02  8.9300E-02  5.5600E-02  4.2341E-06
199708   6.4264E-03  1.3572E-01  1.0179E-01  1.4770E-01  2.6440E-01  4.2694E-06
199709   6.8044E-03  1.3842E-01  1.6856E-01  2.8460E-01  8.1410E-01  4.3517E-06
199710   6.7813E-03  1.4032E-01  2.4784E-01  4.6280E-01  1.5652E+00  4.4079E-06
199711   7.1191E-03  1.4342E-01  3.3049E-01  6.4150E-01  2.3166E+00  4.5032E-06
199712   7.2008E-03  1.4513E-01  3.8929E-01  7.7270E-01  2.8718E+00  4.5553E-06
199801   7.1630E-03  1.4557E-01  4.1321E-01  8.2420E-01  3.0774E+00  4.5671E-06
199802   7.0423E-03  1.4470E-01  3.9678E-01  7.8150E-01  2.8649E+00  4.5376E-06
199803   7.1813E-03  1.4384E-01  3.5645E-01  6.7190E-01  2.3247E+00  4.5078E-06
199804   7.3214E-03  1.4257E-01  3.0198E-01  5.2660E-01  1.6088E+00  4.4637E-06
199805   7.1719E-03  1.4030E-01  2.4100E-01  3.7200E-01  8.6250E-01  4.3880E-06
199806   7.2210E-03  1.3924E-01  2.0523E-01  2.7070E-01  3.3960E-01  4.3499E-06
199807   7.5425E-03  1.3998E-01  2.0763E-01  2.5210E-01  1.7380E-01  4.3684E-06
199808   7.6994E-03  1.4111E-01  2.4020E-01  3.0990E-01  3.6550E-01  4.3998E-06
199809   7.8861E-03  1.4319E-01  3.0630E-01  4.4850E-01  9.1820E-01  4.4620E-06
199810   7.7218E-03  1.4463E-01  3.8422E-01  6.2730E-01  1.6650E+00  4.5033E-06
199811   8.0904E-03  1.4779E-01  4.6916E-01  8.0990E-01  2.4176E+00  4.6012E-06
199812   8.4597E-03  1.5043E-01  5.3523E-01  9.5090E-01  2.9956E+00  4.6838E-06
199901   8.4062E-03  1.5078E-01  5.5425E-01  9.9740E-01  3.2031E+00  4.6946E-06
199902   8.0713E-03  1.4905E-01  5.2242E-01  9.3520E-01  2.9636E+00  4.6419E-06
199903   7.8611E-03  1.4696E-01  4.6345E-01  8.0520E-01  2.4124E+00  4.5764E-06
199904   7.4917E-03  1.4391E-01  3.8621E-01  6.3000E-01  1.6462E+00  4.4782E-06
199905   8.0696E-03  1.4403E-01  3.3609E-01  4.8590E-01  9.4580E-01  4.4799E-06
199906   8.3653E-03  1.4376E-01  3.0002E-01  3.8090E-01  4.2150E-01  4.4678E-06
199907   8.2660E-03  1.4300E-01  2.8799E-01  3.4480E-01  2.2580E-01  4.4407E-06
199908   8.3203E-03  1.4374E-01  3.1315E-01  3.9670E-01  4.3040E-01  4.4619E-06
199909   7.9304E-03  1.4395E-01  3.6134E-01  5.1490E-01  9.5590E-01  4.4641E-06
199910   8.4012E-03  1.4746E-01  4.4275E-01  6.8780E-01  1.6876E+00  4.5724E-06
199911   8.9065E-03  1.5111E-01  5.3234E-01  8.7430E-01  2.4525E+00  4.6842E-06
199912   8.9217E-03  1.5271E-01  5.9895E-01  1.0165E+00  3.0201E+00  4.7295E-06
200001   8.9442E-03  1.5343E-01  6.3308E-01  1.0824E+00  3.2492E+00  4.7480E-06
200002   9.0156E-03  1.5317E-01  6.1980E-01  1.0420E+00  3.0405E+00  4.7381E-06
200003   9.3720E-03  1.5297E-01  5.7375E-01  9.2110E-01  2.4864E+00  4.7314E-06
200004   9.2034E-03  1.5056E-01  5.0175E-01  7.5430E-01  1.7553E+00  4.6547E-06
200005   8.6420E-03  1.4676E-01  4.1713E-01  5.7120E-01  9.7710E-01  4.5352E-06
200006   8.6087E-03  1.4531E-01  3.6677E-01  4.5360E-01  4.4580E-01  4.4895E-06
200007   9.0827E-03  1.4633E-01  3.6015E-01  4.2510E-01  2.7740E-01  4.5237E-06
200008   8.7328E-03  1.4579E-01  3.7883E-01  4.7570E-01  4.8470E-01  4.5043E-06
200009   8.7047E-03  1.4705E-01  4.2758E-01  5.9200E-01  9.8760E-01  4.5438E-06
200010   8.8856E-03  1.4956E-01  5.1037E-01  7.7860E-01  1.7748E+00  4.6223E-06
200011   9.2531E-03  1.5268E-01  5.8823E-01  9.5240E-01  2.5185E+00  4.7210E-06
200012   9.2130E-03  1.5395E-01  6.3868E-01  1.0748E+00  3.0704E+00  4.7611E-06
200101   9.0895E-03  1.5401E-01  6.4718E-01  1.1071E+00  3.2666E+00  4.7650E-06
200102   8.7305E-03  1.5223E-01  6.0985E-01  1.0394E+00  3.0439E+00  4.7114E-06
200103   8.7065E-03  1.5055E-01  5.4061E-01  8.8960E-01  2.4563E+00  4.6633E-06
200104   8.6588E-03  1.4844E-01  4.5985E-01  7.0850E-01  1.7040E+00  4.5992E-06
200105   8.3522E-03  1.4555E-01  3.8260E-01  5.3790E-01  9.7390E-01  4.5087E-06
200106   8.5989E-03  1.4500E-01  3.3518E-01  4.2040E-01  4.4160E-01  4.4924E-06
200107   7.9802E-03  1.4254E-01  3.1212E-01  3.7460E-01  2.3420E-01  4.4110E-06
200108   8.1854E-03  1.4383E-01  3.4617E-01  4.3250E-01  4.2380E-01  4.4467E-06
200109   9.2604E-03  1.4886E-01  4.3797E-01  5.9510E-01  1.0024E+00  4.5999E-06
200110   9.5300E-03  1.5201E-01  5.4384E-01  8.0460E-01  1.7845E+00  4.6875E-06
200111   9.4896E-03  1.5402E-01  6.3878E-01  1.0004E+00  2.5219E+00  4.7408E-06
200112   1.0172E-02  1.5787E-01  7.2684E-01  1.1693E+00  3.1271E+00  4.8570E-06
200201   1.0455E-02  1.5937E-01  7.6245E-01  1.2388E+00  3.3670E+00  4.9033E-06
200202   9.9889E-03  1.5730E-01  7.2536E-01  1.1741E+00  3.1375E+00  4.8393E-06
200203   9.3875E-03  1.5375E-01  6.3962E-01  1.0109E+00  2.5484E+00  4.7332E-06
200204   9.2609E-03  1.5113E-01  5.3440E-01  7.9770E-01  1.7617E+00  4.6610E-06
200205   8.9870E-03  1.4807E-01  4.3252E-01  5.9330E-01  1.0084E+00  4.5737E-06
200206   8.4289E-03  1.4474E-01  3.4958E-01  4.3450E-01  4.4350E-01  4.4738E-06
200207   8.2501E-03  1.4343E-01  3.0945E-01  3.5920E-01  1.9950E-01  4.4375E-06
200208   8.5333E-03  1.4482E-01  3.3097E-01  4.0620E-01  4.2090E-01  4.4832E-06
200209   8.6745E-03  1.4669E-01  3.8646E-01  5.3250E-01  9.6840E-01  4.5417E-06
200210   8.6779E-03  1.4863E-01  4.5918E-01  7.0350E-01  1.7085E+00  4.6020E-06
200211   8.7311E-03  1.5061E-01  5.2999E-01  8.7360E-01  2.4536E+00  4.6668E-06
200212   8.8848E-03  1.5248E-01  5.8148E-01  1.0013E+00  3.0336E+00  4.7291E-06
200301   8.6085E-03  1.5189E-01  5.7766E-01  1.0205E+00  3.2082E+00  4.7168E-06
200302   8.0373E-03  1.4930E-01  5.2887E-01  9.4130E-01  2.9756E+00  4.6409E-06
200303   8.0502E-03  1.4774E-01  4.5336E-01  7.8590E-01  2.3985E+00  4.5990E-06
200304   7.8278E-03  1.4498E-01  3.6212E-01  5.9310E-01  1.6390E+00  4.5167E-06
200305   7.4412E-03  1.4171E-01  2.7624E-01  4.0900E-01  8.8240E-01  4.4162E-06
200306   7.4333E-03  1.4028E-01  2.2191E-01  2.8370E-01  3.3870E-01  4.3727E-06
200307   7.6691E-03  1.4061E-01  2.0927E-01  2.4710E-01  1.6390E-01  4.3829E-06
200308   7.6286E-03  1.4097E-01  2.2576E-01  2.8870E-01  3.6170E-01  4.3944E-06
200309   7.4963E-03  1.4188E-01  2.7017E-01  4.0010E-01  8.9390E-01  4.4230E-06
200310   7.7245E-03  1.4437E-01  3.3000E-01  5.4260E-01  1.5726E+00  4.5040E-06
200311   7.9386E-03  1.4704E-01  4.0682E-01  7.2070E-01  2.3705E+00  4.5880E-06
200312   7.7598E-03  1.4784E-01  4.5347E-01  8.4060E-01  2.9190E+00  4.6138E-06
200401   7.6980E-03  1.4806E-01  4.6588E-01  8.7940E-01  3.1077E+00  4.6236E-06
200402   7.5699E-03  1.4704E-01  4.3881E-01  8.2720E-01  2.9008E+00  4.5945E-06
200403   7.4732E-03  1.4521E-01  3.7760E-01  6.9490E-01  2.3490E+00  4.5405E-06
200404   7.2413E-03  1.4249E-01  2.9468E-01  5.1460E-01  1.5973E+00  4.4575E-06
200405   6.9839E-03  1.3964E-01  2.1085E-01  3.3140E-01  8.3600E-01  4.3706E-06
200406   6.8972E-03  1.3796E-01  1.5313E-01  2.0220E-01  2.9520E-01  4.3187E-06
200407   7.0393E-03  1.3789E-01  1.3326E-01  1.5320E-01  8.9600E-02  4.3173E-06
200408   7.0338E-03  1.3839E-01  1.5251E-01  1.9800E-01  2.8890E-01  4.3329E-06
200409   7.0501E-03  1.3984E-01  2.0639E-01  3.2430E-01  8.4190E-01  4.3779E-06
200410   7.1537E-03  1.4205E-01  2.7776E-01  4.9100E-01  1.5802E+00  4.4480E-06
200411   7.3519E-03  1.4457E-01  3.4897E-01  6.5700E-01  2.3231E+00  4.5283E-06
200412   7.2497E-03  1.4561E-01  3.9660E-01  7.7660E-01  2.8780E+00  4.5620E-06
200501   7.2589E-03  1.4601E-01  4.0495E-01  8.0470E-01  3.0445E+00  4.5780E-06
200502   7.2020E-03  1.4529E-01  3.8173E-01  7.5720E-01  2.8620E+00  4.5569E-06
200503   6.8946E-03  1.4277E-01  3.1758E-01  6.2070E-01  2.2958E+00  4.4800E-06
200504   6.7185E-03  1.4026E-01  2.3944E-01  4.4510E-01  1.5426E+00  4.4022E-06
200505   6.8498E-03  1.3884E-01  1.6969E-01  2.7880E-01  8.0780E-01  4.3580E-06
200506   6.6630E-03  1.3681E-01  1.1415E-01  1.5370E-01  2.6250E-01  4.2948E-06
200507   6.7160E-03  1.3647E-01  9.5450E-02  1.1050E-01  7.2500E-02  4.2850E-06
200508   6.7311E-03  1.3698E-01  1.1169E-01  1.5310E-01  2.7480E-01  4.3028E-06
200509   6.6396E-03  1.3794E-01  1.5367E-01  2.6210E-01  7.9310E-01  4.3355E-06
200510   6.4726E-03  1.3917E-01  2.1521E-01  4.1890E-01  1.5273E+00  4.3765E-06
200511   6.6545E-03  1.4161E-01  2.8351E-01  5.8120E-01  2.2680E+00  4.4552E-06
200512   6.9503E-03  1.4403E-01  3.3866E-01  7.0740E-01  2.8316E+00  4.5319E-06
200601   6.7744E-03  1.4387E-01  3.5253E-01  7.4790E-01  3.0294E+00  4.5284E-06
200602   6.5777E-03  1.4265E-01  3.2778E-01  6.9690E-01  2.8170E+00  4.4912E-06
200603   6.4386E-03  1.4078E-01  2.7208E-01  5.7010E-01  2.2596E+00  4.4325E-06
200604   6.6647E-03  1.3973E-01  2.0650E-01  4.0830E-01  1.5268E+00  4.3986E-06
200605   6.5185E-03  1.3736E-01  1.3511E-01  2.4310E-01  7.9340E-01  4.3242E-06
200606   6.3132E-03  1.3524E-01  7.7450E-02  1.1460E-01  2.4330E-01  4.2587E-06
200607   6.2692E-03  1.3456E-01  5.3370E-02  6.3800E-02  4.1900E-02  4.2387E-06
200608   6.2451E-03  1.3487E-01  6.5510E-02  9.8600E-02  2.2720E-01  4.2509E-06
200609   6.2531E-03  1.3623E-01  1.1295E-01  2.1440E-01  7.6750E-01  4.2947E-06
200610   6.2537E-03  1.3808E-01  1.7928E-01  3.7410E-01  1.5006E+00  4.3536E-06
200611   6.5643E-03  1.4103E-01  2.5233E-01  5.4030E-01  2.2451E+00  4.4465E-06
200612   6.6036E-03  1.4256E-01  3.0396E-01  6.6280E-01  2.7976E+00  4.4946E-06
200701   6.6541E-03  1.4323E-01  3.2203E-01  7.0700E-01  3.0011E+00  4.5165E-06
200702   6.5092E-03  1.4217E-01  2.9797E-01  6.5730E-01  2.7946E+00  4.4847E-06
200703   6.3059E-03  1.4004E-01  2.4035E-01  5.2980E-01  2.2405E+00  4.4192E-06
200704   6.1804E-03  1.3770E-01  1.6653E-01  3.5990E-01  1.4900E+00  4.3463E-06
200705   6.1507E-03  1.3575E-01  9.6470E-02  1.9490E-01  7.5210E-01  4.2847E-06
200706   6.1665E-03  1.3444E-01  4.6540E-02  7.6800E-02  2.2360E-01  4.2438E-06
200707   6.0864E-03  1.3365E-01  2.3890E-02  2.8300E-02  2.1200E-02  4.2197E-06
200708   6.0273E-03  1.3387E-01  3.7290E-02  6.6300E-02  2.1380E-01  4.2287E-06
200709   5.9752E-03  1.3499E-01  8.1710E-02  1.7830E-01  7.4120E-01  4.2658E-06
200710   6.0531E-03  1.3709E-01  1.4958E-01  3.4040E-01  1.4787E+00  4.3330E-06
200711   6.1382E-03  1.3925E-01  2.2036E-01  5.0670E-01  2.2231E+00  4.4014E-06
200712   6.3485E-03  1.4138E-01  2.7685E-01  6.3400E-01  2.7811E+00  4.4680E-06
200801   6.3978E-03  1.4209E-01  2.9792E-01  6.8170E-01  2.9881E+00  4.4897E-06
200802   6.3031E-03  1.4124E-01  2.7667E-01  6.3420E-01  2.7803E+00  4.4632E-06
200803   6.2567E-03  1.3969E-01  2.2328E-01  5.0930E-01  2.2272E+00  4.4146E-06
200804   6.1390E-03  1.3740E-01  1.5097E-01  3.4180E-01  1.4848E+00  4.3427E-06
200805   6.0129E-03  1.3508E-01  7.7690E-02  1.7330E-01  7.4280E-01  4.2703E-06
200806   5.8878E-03  1.3326E-01  2.2440E-02  4.8300E-02  2.0000E-01  4.2139E-06
200807   5.8236E-03  1.3251E-01  0.0000E+00  0.0000E+00  0.0000E+00  4.1915E-06
200808   5.8384E-03  1.3303E-01  1.6170E-02  4.0600E-02  1.9440E-01  4.2088E-06
200809   5.8788E-03  1.3450E-01  6.5650E-02  1.5860E-01  7.2930E-01  4.2557E-06
200810   6.0075E-03  1.3681E-01  1.3690E-01  3.2460E-01  1.4711E+00  4.3285E-06
200811   6.1459E-03  1.3916E-01  2.0953E-01  4.9330E-01  2.2202E+00  4.4026E-06
200812   6.1928E-03  1.4070E-01  2.6216E-01  6.1640E-01  2.7684E+00  4.4513E-06
200901   6.2448E-03  1.4140E-01  2.8242E-01  6.6270E-01  2.9726E+00  4.4730E-06
200902   6.1966E-03  1.4073E-01  2.6298E-01  6.1750E-01  2.7692E+00  4.4517E-06
200903   6.1134E-03  1.3907E-01  2.1099E-01  4.9520E-01  2.2185E+00  4.3990E-06
200904   6.0083E-03  1.3685E-01  1.4095E-01  3.3000E-01  1.4727E+00  4.3284E-06
200905   6.0076E-03  1.3501E-01  7.3910E-02  1.6890E-01  7.4180E-01  4.2698E-06
200906   5.9256E-03  1.3338E-01  2.2620E-02  4.8900E-02  2.0330E-01  4.2181E-06
200907   5.8641E-03  1.3266E-01  2.5700E-03  3.1000E-03  2.9000E-03  4.1958E-06
200908   5.8366E-03  1.3306E-01  1.9950E-02  4.5500E-02  1.9580E-01  4.2083E-06
200909   5.9530E-03  1.3482E-01  7.3630E-02  1.6840E-01  7.3690E-01  4.2635E-06
200910   6.0610E-03  1.3707E-01  1.4800E-01  3.3830E-01  1.4781E+00  4.3337E-06
200911   6.2335E-03  1.3961E-01  2.2713E-01  5.1510E-01  2.2330E+00  4.4115E-06
200912   6.3532E-03  1.4147E-01  2.8805E-01  6.4820E-01  2.7858E+00  4.4676E-06
201001   6.5290E-03  1.4265E-01  3.1934E-01  7.0820E-01  3.0023E+00  4.5022E-06
201002   6.6356E-03  1.4257E-01  3.0887E-01  6.7400E-01  2.8139E+00  4.4977E-06
201003   6.5498E-03  1.4093E-01  2.5787E-01  5.5270E-01  2.2595E+00  4.4449E-06
201004   6.3586E-03  1.3840E-01  1.8494E-01  3.8460E-01  1.5124E+00  4.3651E-06
201005   6.1815E-03  1.3592E-01  1.1173E-01  2.1590E-01  7.6590E-01  4.2870E-06
201006   6.0675E-03  1.3419E-01  6.0450E-02  9.5600E-02  2.2460E-01  4.2318E-06
201007   6.2396E-03  1.3434E-01  4.9720E-02  6.0800E-02  4.3200E-02  4.2350E-06
201008   6.3144E-03  1.3515E-01  7.3130E-02  1.0990E-01  2.4090E-01  4.2587E-06
201009   6.4892E-03  1.3711E-01  1.2967E-01  2.3570E-01  7.8580E-01  4.3198E-06
201010   6.4802E-03  1.3895E-01  1.9900E-01  3.9930E-01  1.5168E+00  4.3773E-06
201011   6.5724E-03  1.4116E-01  2.7153E-01  5.6790E-01  2.2666E+00  4.4465E-06
201012   6.6337E-03  1.4277E-01  3.2616E-01  6.9290E-01  2.8134E+00  4.4964E-06
201101   6.5871E-03  1.4318E-01  3.5179E-01  7.4580E-01  3.0143E+00  4.5068E-06
201102   6.7301E-03  1.4328E-01  3.4712E-01  7.1760E-01  2.8229E+00  4.5057E-06
201103   7.1080E-03  1.4331E-01  3.1732E-01  6.2130E-01  2.3010E+00  4.5021E-06
201104   7.2769E-03  1.4215E-01  2.6456E-01  4.7840E-01  1.5889E+00  4.4613E-06
201105   6.8357E-03  1.3884E-01  1.9191E-01  3.1200E-01  8.3300E-01  4.3547E-06
201106   6.8002E-03  1.3743E-01  1.4274E-01  1.9370E-01  2.9480E-01  4.3087E-06
201107   6.6676E-03  1.3654E-01  1.2594E-01  1.5070E-01  8.9000E-02  4.2781E-06
201108   6.8072E-03  1.3765E-01  1.5846E-01  2.0850E-01  2.8720E-01  4.3079E-06
201109   7.3842E-03  1.4117E-01  2.3938E-01  3.6160E-01  8.5550E-01  4.4115E-06
201110   7.7827E-03  1.4458E-01  3.3773E-01  5.6020E-01  1.6234E+00  4.5119E-06
201111   8.2631E-03  1.4817E-01  4.3118E-01  7.5440E-01  2.4016E+00  4.6217E-06
201112   8.1459E-03  1.4917E-01  4.8170E-01  8.7770E-01  2.9490E+00  4.6535E-06
