197501   3.4877E-05  2.1304E-01  3.4059E-01  8.5170E-01  3.0962E+00  4.4801E-06
197502   3.4598E-05  2.1202E-01  3.1685E-01  7.9290E-01  2.8836E+00  4.4582E-06
197503   3.4249E-05  2.0962E-01  2.5401E-01  6.3540E-01  2.3108E+00  4.4079E-06
197504   3.3699E-05  2.0629E-01  1.6849E-01  4.2190E-01  1.5343E+00  4.3379E-06
197505   3.3294E-05  2.0312E-01  8.4540E-02  2.1090E-01  7.6610E-01  4.2716E-06
197506   3.2862E-05  2.0069E-01  2.2850E-02  5.6800E-02  2.0650E-01  4.2204E-06
197507   3.2648E-05  1.9975E-01  0.0000E+00  0.0000E+00  0.0000E+00  4.2005E-06
197508   3.2746E-05  2.0058E-01  2.2060E-02  5.5700E-02  2.0280E-01  4.2178E-06
197509   3.3095E-05  2.0294E-01  8.3600E-02  2.1000E-01  7.6410E-01  4.2672E-06
197510   3.3508E-05  2.0612E-01  1.6750E-01  4.2080E-01  1.5311E+00  4.3336E-06
197511   3.4065E-05  2.0945E-01  2.5313E-01  6.3470E-01  2.3090E+00  4.4037E-06
197512   3.4398E-05  2.1184E-01  3.1580E-01  7.9180E-01  2.8810E+00  4.4537E-06
197601   3.5195E-05  2.1333E-01  3.4163E-01  8.5230E-01  3.0966E+00  4.4872E-06
197602   3.5028E-05  2.1241E-01  3.1854E-01  7.9470E-01  2.8874E+00  4.4679E-06
197603   3.4617E-05  2.0995E-01  2.5577E-01  6.3760E-01  2.3164E+00  4.4161E-06
197604   3.4018E-05  2.0658E-01  1.7033E-01  4.2450E-01  1.5412E+00  4.3451E-06
197605   3.3383E-05  2.0320E-01  8.5540E-02  2.1290E-01  7.7210E-01  4.2736E-06
197606   3.3012E-05  2.0082E-01  2.4140E-02  5.9400E-02  2.1330E-01  4.2237E-06
197607   3.2796E-05  1.9988E-01  1.5400E-03  3.0000E-03  9.0000E-03  4.2037E-06
197608   3.2907E-05  2.0073E-01  2.3620E-02  5.8900E-02  2.1200E-01  4.2213E-06
197609   3.3497E-05  2.0330E-01  8.5960E-02  2.1340E-01  7.7330E-01  4.2762E-06
197610   3.4130E-05  2.0668E-01  1.7081E-01  4.2480E-01  1.5418E+00  4.3476E-06
197611   3.4804E-05  2.1012E-01  2.5654E-01  6.3840E-01  2.3177E+00  4.4204E-06
197612   3.5329E-05  2.1269E-01  3.1988E-01  7.9620E-01  2.8907E+00  4.4747E-06
197701   3.7025E-05  2.1500E-01  3.4919E-01  8.5900E-01  3.1110E+00  4.5287E-06
197702   3.7253E-05  2.1444E-01  3.2777E-01  8.0300E-01  2.9047E+00  4.5183E-06
197703   3.7148E-05  2.1227E-01  2.6572E-01  6.4630E-01  2.3335E+00  4.4735E-06
197704   3.6394E-05  2.0875E-01  1.7975E-01  4.3250E-01  1.5570E+00  4.3989E-06
197705   3.5713E-05  2.0533E-01  9.4750E-02  2.2060E-01  7.8730E-01  4.3264E-06
197706   3.5098E-05  2.0273E-01  3.2360E-02  6.6100E-02  2.2630E-01  4.2710E-06
197707   3.5267E-05  2.0214E-01  1.1390E-02  1.1800E-02  2.6800E-02  4.2597E-06
197708   3.5339E-05  2.0295E-01  3.3320E-02  6.7100E-02  2.2860E-01  4.2764E-06
197709   3.6060E-05  2.0564E-01  9.5990E-02  2.2170E-01  7.8930E-01  4.3343E-06
197710   3.6777E-05  2.0910E-01  1.8119E-01  4.3360E-01  1.5592E+00  4.4077E-06
197711   3.7365E-05  2.1246E-01  2.6651E-01  6.4690E-01  2.3344E+00  4.4785E-06
197712   3.7516E-05  2.1469E-01  3.2817E-01  8.0230E-01  2.9020E+00  4.5243E-06
197801   4.5493E-05  2.2274E-01  3.8166E-01  8.8530E-01  3.1604E+00  4.7208E-06
197802   4.5520E-05  2.2200E-01  3.5819E-01  8.2520E-01  2.9427E+00  4.7059E-06
197803   4.4592E-05  2.1907E-01  2.9315E-01  6.6600E-01  2.3665E+00  4.6425E-06
197804   4.3612E-05  2.1535E-01  2.0610E-01  4.5110E-01  1.5878E+00  4.5628E-06
197805   4.2895E-05  2.1189E-01  1.2119E-01  2.4010E-01  8.2050E-01  4.4894E-06
197806   4.2418E-05  2.0942E-01  5.9810E-02  8.7000E-02  2.6390E-01  4.4371E-06
197807   4.1991E-05  2.0828E-01  3.6370E-02  3.0400E-02  5.9400E-02  4.4123E-06
197808   4.1886E-05  2.0893E-01  5.6780E-02  8.2900E-02  2.5310E-01  4.4251E-06
197809   4.2876E-05  2.1188E-01  1.2023E-01  2.3760E-01  8.1300E-01  4.4891E-06
197810   4.3474E-05  2.1523E-01  2.0395E-01  4.4660E-01  1.5742E+00  4.5598E-06
197811   4.3849E-05  2.1840E-01  2.8707E-01  6.5520E-01  2.3364E+00  4.6260E-06
197812   4.4864E-05  2.2141E-01  3.5281E-01  8.1580E-01  2.9160E+00  4.6913E-06
197901   5.1413E-05  2.2815E-01  4.0237E-01  8.9780E-01  3.1776E+00  4.8552E-06
197902   5.1553E-05  2.2751E-01  3.8080E-01  8.4240E-01  2.9734E+00  4.8428E-06
197903   5.1312E-05  2.2521E-01  3.1714E-01  6.8200E-01  2.3912E+00  4.7951E-06
197904   5.0579E-05  2.2172E-01  2.3135E-01  4.6850E-01  1.6157E+00  4.7209E-06
197905   4.9921E-05  2.1831E-01  1.4694E-01  2.5840E-01  8.5110E-01  4.6489E-06
197906   4.9373E-05  2.1577E-01  8.4460E-02  1.0330E-01  2.8830E-01  4.5950E-06
197907   4.9569E-05  2.1521E-01  6.2870E-02  4.6800E-02  8.2300E-02  4.5844E-06
197908   4.9928E-05  2.1628E-01  8.5930E-02  1.0320E-01  2.8570E-01  4.6077E-06
197909   5.0456E-05  2.1881E-01  1.4703E-01  2.5500E-01  8.3870E-01  4.6612E-06
197910   5.1092E-05  2.2219E-01  2.3189E-01  4.6630E-01  1.6073E+00  4.7327E-06
197911   5.1777E-05  2.2564E-01  3.1777E-01  6.8020E-01  2.3841E+00  4.8058E-06
197912   5.2507E-05  2.2839E-01  3.8328E-01  8.4210E-01  2.9689E+00  4.8646E-06
198001   5.1658E-05  2.2837E-01  4.0338E-01  8.9890E-01  3.1798E+00  4.8608E-06
198002   5.1449E-05  2.2742E-01  3.7946E-01  8.3960E-01  2.9649E+00  4.8405E-06
198003   5.0948E-05  2.2488E-01  3.1670E-01  6.8360E-01  2.3973E+00  4.7867E-06
198004   4.9998E-05  2.2119E-01  2.2943E-01  4.6750E-01  1.6148E+00  4.7077E-06
198005   4.9364E-05  2.1780E-01  1.4541E-01  2.5810E-01  8.5240E-01  4.6362E-06
198006   4.8601E-05  2.1507E-01  8.1690E-02  1.0130E-01  2.8510E-01  4.5775E-06
198007   4.8165E-05  2.1393E-01  5.8310E-02  4.4500E-02  8.0300E-02  4.5524E-06
198008   4.8351E-05  2.1485E-01  7.9350E-02  9.6800E-02  2.7210E-01  4.5719E-06
198009   4.9106E-05  2.1757E-01  1.4233E-01  2.5210E-01  8.3450E-01  4.6306E-06
198010   4.9934E-05  2.2113E-01  2.2871E-01  4.6620E-01  1.6111E+00  4.7063E-06
198011   5.1164E-05  2.2508E-01  3.1600E-01  6.7980E-01  2.3849E+00  4.7918E-06
198012   5.2123E-05  2.2804E-01  3.8058E-01  8.3760E-01  2.9565E+00  4.8560E-06
198101   5.3541E-05  2.3009E-01  4.1101E-01  9.0570E-01  3.1936E+00  4.9034E-06
198102   5.3422E-05  2.2922E-01  3.8763E-01  8.4710E-01  2.9811E+00  4.8852E-06
198103   5.2764E-05  2.2654E-01  3.2422E-01  6.9030E-01  2.4113E+00  4.8278E-06
198104   5.1637E-05  2.2268E-01  2.3690E-01  4.7590E-01  1.6343E+00  4.7447E-06
198105   5.0643E-05  2.1897E-01  1.5077E-01  2.6320E-01  8.6340E-01  4.6651E-06
198106   5.0016E-05  2.1636E-01  8.8430E-02  1.0880E-01  3.0300E-01  4.6094E-06
198107   4.9770E-05  2.1539E-01  6.4820E-02  5.0400E-02  9.2400E-02  4.5888E-06
198108   5.0022E-05  2.1637E-01  8.7290E-02  1.0580E-01  2.9400E-01  4.6097E-06
198109   5.0516E-05  2.1886E-01  1.4813E-01  2.5730E-01  8.4550E-01  4.6624E-06
198110   5.1453E-05  2.2252E-01  2.3406E-01  4.6970E-01  1.6164E+00  4.7408E-06
198111   5.2177E-05  2.2601E-01  3.1941E-01  6.8210E-01  2.3884E+00  4.8148E-06
198112   5.2624E-05  2.2850E-01  3.8297E-01  8.4080E-01  2.9644E+00  4.8673E-06
198201   5.0301E-05  2.2714E-01  3.9717E-01  8.9240E-01  3.1649E+00  4.8301E-06
198202   4.9987E-05  2.2608E-01  3.7452E-01  8.3680E-01  2.9619E+00  4.8073E-06
198203   4.9519E-05  2.2357E-01  3.1205E-01  6.8100E-01  2.3949E+00  4.7542E-06
198204   4.8648E-05  2.1995E-01  2.2588E-01  4.6760E-01  1.6201E+00  4.6769E-06
198205   4.7702E-05  2.1629E-01  1.3873E-01  2.5240E-01  8.4080E-01  4.5985E-06
198206   4.7238E-05  2.1382E-01  7.7620E-02  1.0000E-01  2.8610E-01  4.5464E-06
198207   4.7131E-05  2.1298E-01  5.5330E-02  4.3800E-02  8.1800E-02  4.5289E-06
198208   4.6917E-05  2.1353E-01  7.5570E-02  9.6900E-02  2.7760E-01  4.5392E-06
198209   4.7651E-05  2.1624E-01  1.3844E-01  2.5190E-01  8.3960E-01  4.5973E-06
198210   4.8202E-05  2.1955E-01  2.2192E-01  4.6060E-01  1.5997E+00  4.6671E-06
198211   4.8740E-05  2.2287E-01  3.0551E-01  6.6980E-01  2.3630E+00  4.7369E-06
198212   4.9102E-05  2.2528E-01  3.6804E-01  8.2630E-01  2.9327E+00  4.7875E-06
198301   4.3438E-05  2.2086E-01  3.7278E-01  8.7640E-01  3.1405E+00  4.6743E-06
198302   4.3343E-05  2.2001E-01  3.5017E-01  8.1940E-01  2.9330E+00  4.6566E-06
198303   4.2827E-05  2.1746E-01  2.8702E-01  6.6210E-01  2.3615E+00  4.6024E-06
198304   4.2225E-05  2.1408E-01  2.0172E-01  4.4910E-01  1.5864E+00  4.5312E-06
198305   4.1774E-05  2.1087E-01  1.1649E-01  2.3530E-01  8.1020E-01  4.4640E-06
198306   4.1222E-05  2.0833E-01  5.4460E-02  8.1300E-02  2.5090E-01  4.4100E-06
198307   4.1096E-05  2.0747E-01  3.2110E-02  2.5500E-02  4.7400E-02  4.3920E-06
198308   4.1321E-05  2.0842E-01  5.5230E-02  8.2600E-02  2.5450E-01  4.4122E-06
198309   4.1691E-05  2.1079E-01  1.1658E-01  2.3630E-01  8.1380E-01  4.4621E-06
198310   4.2280E-05  2.1413E-01  2.0179E-01  4.4900E-01  1.5861E+00  4.5325E-06
198311   4.2794E-05  2.1743E-01  2.8669E-01  6.6160E-01  2.3598E+00  4.6017E-06
198312   4.2984E-05  2.1968E-01  3.4923E-01  8.1940E-01  2.9343E+00  4.6483E-06
198401   3.9604E-05  2.1736E-01  3.5638E-01  8.6020E-01  3.1052E+00  4.5875E-06
198402   3.9550E-05  2.1655E-01  3.3501E-01  8.0620E-01  2.9058E+00  4.5705E-06
198403   3.9217E-05  2.1416E-01  2.7362E-01  6.5240E-01  2.3446E+00  4.5205E-06
198404   3.8551E-05  2.1072E-01  1.8862E-01  4.4060E-01  1.5741E+00  4.4478E-06
198405   3.7877E-05  2.0730E-01  1.0371E-01  2.2920E-01  8.0570E-01  4.3754E-06
198406   3.7391E-05  2.0482E-01  4.2030E-02  7.5300E-02  2.4630E-01  4.3229E-06
198407   3.7218E-05  2.0392E-01  1.9200E-02  1.8500E-02  4.0700E-02  4.3039E-06
198408   3.7311E-05  2.0475E-01  4.0870E-02  7.3000E-02  2.3950E-01  4.3212E-06
198409   3.7753E-05  2.0719E-01  1.0178E-01  2.2500E-01  7.9330E-01  4.3727E-06
198410   3.8322E-05  2.1052E-01  1.8618E-01  4.3600E-01  1.5601E+00  4.4427E-06
198411   3.8779E-05  2.1376E-01  2.7079E-01  6.4810E-01  2.3334E+00  4.5106E-06
198412   3.9071E-05  2.1611E-01  3.3311E-01  8.0470E-01  2.9033E+00  4.5597E-06
198501   3.5093E-05  2.1324E-01  3.4184E-01  8.5330E-01  3.1004E+00  4.4850E-06
198502   3.4816E-05  2.1222E-01  3.1816E-01  7.9500E-01  2.8891E+00  4.4631E-06
198503   3.4460E-05  2.0981E-01  2.5549E-01  6.3820E-01  2.3181E+00  4.4126E-06
198504   3.3964E-05  2.0653E-01  1.7047E-01  4.2510E-01  1.5434E+00  4.3438E-06
198505   3.3412E-05  2.0323E-01  8.5790E-02  2.1330E-01  7.7340E-01  4.2742E-06
198506   3.3133E-05  2.0093E-01  2.4770E-02  5.9900E-02  2.1480E-01  4.2265E-06
198507   3.2967E-05  2.0004E-01  1.9100E-03  2.9000E-03  8.2000E-03  4.2076E-06
198508   3.3168E-05  2.0097E-01  2.4460E-02  5.9100E-02  2.1200E-01  4.2272E-06
198509   3.3557E-05  2.0336E-01  8.5910E-02  2.1260E-01  7.7070E-01  4.2776E-06
198510   3.4182E-05  2.0673E-01  1.7064E-01  4.2410E-01  1.5393E+00  4.3488E-06
198511   3.4842E-05  2.1016E-01  2.5642E-01  6.3780E-01  2.3157E+00  4.4213E-06
198512   3.5320E-05  2.1268E-01  3.1980E-01  7.9570E-01  2.8891E+00  4.4745E-06
198601   3.5070E-05  2.1322E-01  3.4137E-01  8.5240E-01  3.0975E+00  4.4845E-06
198602   3.5087E-05  2.1247E-01  3.1883E-01  7.9480E-01  2.8873E+00  4.4692E-06
198603   3.4722E-05  2.1005E-01  2.5600E-01  6.3770E-01  2.3153E+00  4.4186E-06
198604   3.4101E-05  2.0666E-01  1.7044E-01  4.2390E-01  1.5390E+00  4.3470E-06
198605   3.3742E-05  2.0353E-01  8.6660E-02  2.1330E-01  7.7180E-01  4.2817E-06
198606   3.3237E-05  2.0103E-01  2.4860E-02  5.9400E-02  2.1290E-01  4.2288E-06
198607   3.3080E-05  2.0014E-01  2.5000E-03  3.7000E-03  1.0200E-02  4.2101E-06
198608   3.3145E-05  2.0094E-01  2.4830E-02  6.0000E-02  2.1520E-01  4.2267E-06
198609   3.3561E-05  2.0336E-01  8.6340E-02  2.1370E-01  7.7390E-01  4.2776E-06
198610   3.4048E-05  2.0661E-01  1.7071E-01  4.2500E-01  1.5426E+00  4.3457E-06
198611   3.4465E-05  2.0982E-01  2.5533E-01  6.3760E-01  2.3166E+00  4.4127E-06
198612   3.4847E-05  2.1225E-01  3.1820E-01  7.9500E-01  2.8890E+00  4.4638E-06
198701   3.6230E-05  2.1428E-01  3.4637E-01  8.5740E-01  3.1085E+00  4.5107E-06
198702   3.6015E-05  2.1331E-01  3.2303E-01  7.9930E-01  2.8977E+00  4.4902E-06
198703   3.5649E-05  2.1090E-01  2.6037E-01  6.4250E-01  2.3275E+00  4.4395E-06
198704   3.5123E-05  2.0759E-01  1.7515E-01  4.2930E-01  1.5521E+00  4.3701E-06
198705   3.4557E-05  2.0427E-01  9.0580E-02  2.1770E-01  7.8280E-01  4.3002E-06
198706   3.4176E-05  2.0189E-01  2.8960E-02  6.3800E-02  2.2260E-01  4.2501E-06
198707   3.4075E-05  2.0105E-01  6.4800E-03  7.1000E-03  1.6800E-02  4.2327E-06
198708   3.4314E-05  2.0201E-01  2.9150E-02  6.3200E-02  2.2010E-01  4.2532E-06
198709   3.4811E-05  2.0450E-01  9.1060E-02  2.1740E-01  7.8110E-01  4.3060E-06
198710   3.5426E-05  2.0787E-01  1.7601E-01  4.2960E-01  1.5516E+00  4.3769E-06
198711   3.6107E-05  2.1132E-01  2.6198E-01  6.4350E-01  2.3287E+00  4.4499E-06
198712   3.6533E-05  2.1379E-01  3.2474E-01  8.0040E-01  2.8994E+00  4.5020E-06
198801   4.3893E-05  2.2128E-01  3.7145E-01  8.6980E-01  3.1186E+00  4.6849E-06
198802   4.3771E-05  2.2041E-01  3.4891E-01  8.1300E-01  2.9116E+00  4.6665E-06
198803   4.3261E-05  2.1786E-01  2.8602E-01  6.5690E-01  2.3433E+00  4.6125E-06
198804   4.2461E-05  2.1430E-01  2.0059E-01  4.4480E-01  1.5724E+00  4.5368E-06
198805   4.1770E-05  2.1087E-01  1.1634E-01  2.3510E-01  8.0970E-01  4.4639E-06
198806   4.1163E-05  2.0827E-01  5.5100E-02  8.3300E-02  2.5710E-01  4.4086E-06
198807   4.0896E-05  2.0728E-01  3.2420E-02  2.7500E-02  5.4400E-02  4.3874E-06
198808   4.0950E-05  2.0808E-01  5.4410E-02  8.3200E-02  2.5780E-01  4.4037E-06
198809   4.1504E-05  2.1062E-01  1.1644E-01  2.3720E-01  8.1720E-01  4.4578E-06
198810   4.2154E-05  2.1402E-01  2.0084E-01  4.4750E-01  1.5819E+00  4.5297E-06
198811   4.2833E-05  2.1746E-01  2.8730E-01  6.6280E-01  2.3630E+00  4.6026E-06
198812   4.3442E-05  2.2010E-01  3.5114E-01  8.2100E-01  2.9372E+00  4.6587E-06
198901   4.9979E-05  2.2684E-01  3.9821E-01  8.9690E-01  3.1796E+00  4.8226E-06
198902   5.0124E-05  2.2620E-01  3.7605E-01  8.3990E-01  2.9711E+00  4.8103E-06
198903   5.0217E-05  2.2421E-01  3.1435E-01  6.8230E-01  2.3962E+00  4.7701E-06
198904   5.0146E-05  2.2132E-01  2.3123E-01  4.7130E-01  1.6261E+00  4.7110E-06
198905   5.0030E-05  2.1841E-01  1.4772E-01  2.5970E-01  8.5480E-01  4.6513E-06
198906   5.0236E-05  2.1656E-01  8.8890E-02  1.0860E-01  3.0180E-01  4.6145E-06
198907   5.0992E-05  2.1651E-01  6.9990E-02  5.5600E-02  1.0380E-01  4.6165E-06
198908   5.1975E-05  2.1815E-01  9.6320E-02  1.1580E-01  3.1770E-01  4.6538E-06
198909   5.3094E-05  2.2121E-01  1.5874E-01  2.6720E-01  8.6640E-01  4.7208E-06
198910   5.4254E-05  2.2507E-01  2.4672E-01  4.8310E-01  1.6475E+00  4.8041E-06
198911   5.5241E-05  2.2880E-01  3.3300E-01  6.9620E-01  2.4203E+00  4.8841E-06
198912   5.5775E-05  2.3137E-01  3.9568E-01  8.5190E-01  2.9873E+00  4.9387E-06
199001   4.8835E-05  2.2579E-01  3.9369E-01  8.9310E-01  3.1721E+00  4.7967E-06
199002   4.8274E-05  2.2452E-01  3.6855E-01  8.3300E-01  2.9565E+00  4.7684E-06
199003   4.7430E-05  2.2166E-01  3.0422E-01  6.7510E-01  2.3843E+00  4.7069E-06
199004   4.6379E-05  2.1787E-01  2.1711E-01  4.6050E-01  1.6065E+00  4.6254E-06
199005   4.5680E-05  2.1444E-01  1.3223E-01  2.4930E-01  8.3880E-01  4.5525E-06
199006   4.5345E-05  2.1209E-01  7.0910E-02  9.5600E-02  2.7930E-01  4.5035E-06
199007   4.5528E-05  2.1152E-01  5.0090E-02  4.1300E-02  8.0300E-02  4.4924E-06
199008   4.5993E-05  2.1268E-01  7.4080E-02  9.9200E-02  2.8840E-01  4.5181E-06
199009   4.6864E-05  2.1552E-01  1.3787E-01  2.5600E-01  8.5510E-01  4.5793E-06
199010   4.7839E-05  2.1921E-01  2.2360E-01  4.6740E-01  1.6222E+00  4.6585E-06
199011   4.9175E-05  2.2325E-01  3.1295E-01  6.8560E-01  2.4101E+00  4.7462E-06
199012   5.0078E-05  2.2616E-01  3.7719E-01  8.4280E-01  2.9804E+00  4.8091E-06
199101   5.1895E-05  2.2860E-01  4.0179E-01  8.9360E-01  3.1625E+00  4.8664E-06
199102   5.1483E-05  2.2745E-01  3.7887E-01  8.3780E-01  2.9597E+00  4.8414E-06
199103   5.0767E-05  2.2471E-01  3.1635E-01  6.8380E-01  2.3984E+00  4.7826E-06
199104   4.9840E-05  2.2104E-01  2.3062E-01  4.7150E-01  1.6276E+00  4.7039E-06
199105   4.9112E-05  2.1757E-01  1.4481E-01  2.5830E-01  8.5380E-01  4.6304E-06
199106   4.8399E-05  2.1488E-01  8.2240E-02  1.0410E-01  2.9440E-01  4.5728E-06
199107   4.8291E-05  2.1404E-01  6.0300E-02  4.8900E-02  9.3300E-02  4.5552E-06
199108   4.8598E-05  2.1507E-01  8.2550E-02  1.0350E-01  2.9170E-01  4.5773E-06
199109   4.9123E-05  2.1759E-01  1.4323E-01  2.5420E-01  8.4110E-01  4.6308E-06
199110   5.0109E-05  2.2129E-01  2.2948E-01  4.6690E-01  1.6126E+00  4.7102E-06
199111   5.0765E-05  2.2471E-01  3.1539E-01  6.8100E-01  2.3905E+00  4.7826E-06
199112   5.1439E-05  2.2741E-01  3.7820E-01  8.3630E-01  2.9553E+00  4.8404E-06
199201   4.5260E-05  2.2253E-01  3.7955E-01  8.8120E-01  3.1487E+00  4.7156E-06
199202   4.5099E-05  2.2161E-01  3.5705E-01  8.2520E-01  2.9439E+00  4.6963E-06
199203   4.4455E-05  2.1894E-01  2.9322E-01  6.6710E-01  2.3708E+00  4.6393E-06
199204   4.3657E-05  2.1539E-01  2.0640E-01  4.5150E-01  1.5892E+00  4.5638E-06
199205   4.2909E-05  2.1190E-01  1.2130E-01  2.4000E-01  8.2010E-01  4.4897E-06
199206   4.2563E-05  2.0955E-01  5.9790E-02  8.5700E-02  2.5950E-01  4.4405E-06
199207   4.2684E-05  2.0892E-01  3.8250E-02  3.0300E-02  5.6400E-02  4.4280E-06
199208   4.3236E-05  2.1017E-01  6.2530E-02  8.8200E-02  2.6500E-01  4.4557E-06
199209   4.3901E-05  2.1281E-01  1.2519E-01  2.4330E-01  8.2700E-01  4.5122E-06
199210   4.4585E-05  2.1624E-01  2.0989E-01  4.5420E-01  1.5936E+00  4.5848E-06
199211   4.5522E-05  2.1992E-01  2.9709E-01  6.7010E-01  2.3754E+00  4.6635E-06
199212   4.5967E-05  2.2241E-01  3.6012E-01  8.2710E-01  2.9470E+00  4.7160E-06
199301   4.1024E-05  2.1865E-01  3.6438E-01  8.7110E-01  3.1334E+00  4.6195E-06
199302   4.0960E-05  2.1783E-01  3.4136E-01  8.1300E-01  2.9220E+00  4.6025E-06
199303   4.0438E-05  2.1527E-01  2.7756E-01  6.5410E-01  2.3455E+00  4.5482E-06
199304   4.0096E-05  2.1214E-01  1.9278E-01  4.4080E-01  1.5691E+00  4.4830E-06
199305   3.9322E-05  2.0863E-01  1.0681E-01  2.2720E-01  7.9440E-01  4.4084E-06
199306   3.8917E-05  2.0622E-01  4.5250E-02  7.3300E-02  2.3440E-01  4.3578E-06
199307   3.8624E-05  2.0521E-01  2.2090E-02  1.6500E-02  2.8700E-02  4.3361E-06
199308   3.8594E-05  2.0593E-01  4.3950E-02  7.2200E-02  2.3260E-01  4.3505E-06
199309   3.8729E-05  2.0809E-01  1.0435E-01  2.2480E-01  7.8910E-01  4.3950E-06
199310   3.9276E-05  2.1139E-01  1.8924E-01  4.3720E-01  1.5607E+00  4.4644E-06
199311   3.9736E-05  2.1463E-01  2.7479E-01  6.5170E-01  2.3405E+00  4.5323E-06
199312   4.0001E-05  2.1696E-01  3.3784E-01  8.1010E-01  2.9169E+00  4.5807E-06
199401   3.7554E-05  2.1548E-01  3.5094E-01  8.6020E-01  3.1124E+00  4.5407E-06
199402   3.7232E-05  2.1443E-01  3.2655E-01  8.0030E-01  2.8963E+00  4.5179E-06
199403   3.6750E-05  2.1190E-01  2.6335E-01  6.4290E-01  2.3245E+00  4.4646E-06
199404   3.6171E-05  2.0855E-01  1.7803E-01  4.2960E-01  1.5489E+00  4.3939E-06
199405   3.5464E-05  2.0510E-01  9.3150E-02  2.1820E-01  7.8050E-01  4.3208E-06
199406   3.4998E-05  2.0264E-01  3.1080E-02  6.3700E-02  2.1960E-01  4.2688E-06
199407   3.4846E-05  2.0176E-01  9.0300E-03  8.4000E-03  1.8100E-02  4.2502E-06
199408   3.4939E-05  2.0258E-01  3.1430E-02  6.4900E-02  2.2340E-01  4.2674E-06
199409   3.5349E-05  2.0500E-01  9.3000E-02  2.1890E-01  7.8290E-01  4.3182E-06
199410   3.5774E-05  2.0819E-01  1.7644E-01  4.2820E-01  1.5462E+00  4.3849E-06
199411   3.6330E-05  2.1152E-01  2.6234E-01  6.4300E-01  2.3262E+00  4.4550E-06
199412   3.6828E-05  2.1406E-01  3.2532E-01  8.0000E-01  2.8968E+00  4.5088E-06
199501   3.5578E-05  2.1368E-01  3.4351E-01  8.5440E-01  3.1019E+00  4.4959E-06
199502   3.5342E-05  2.1270E-01  3.2001E-01  7.9640E-01  2.8912E+00  4.4750E-06
199503   3.5048E-05  2.1035E-01  2.5768E-01  6.3960E-01  2.3208E+00  4.4259E-06
199504   3.4464E-05  2.0699E-01  1.7237E-01  4.2650E-01  1.5458E+00  4.3552E-06
199505   3.3983E-05  2.0375E-01  8.7990E-02  2.1510E-01  7.7670E-01  4.2872E-06
199506   3.3631E-05  2.0139E-01  2.6800E-02  6.1900E-02  2.1920E-01  4.2377E-06
199507   3.3586E-05  2.0060E-01  4.8400E-03  6.2000E-03  1.6100E-02  4.2216E-06
199508   3.3773E-05  2.0152E-01  2.7480E-02  6.2500E-02  2.2030E-01  4.2409E-06
199509   3.4032E-05  2.0379E-01  8.8140E-02  2.1530E-01  7.7730E-01  4.2883E-06
199510   3.4638E-05  2.0715E-01  1.7313E-01  4.2740E-01  1.5474E+00  4.3591E-06
199511   3.5182E-05  2.1047E-01  2.5810E-01  6.3980E-01  2.3207E+00  4.4289E-06
199512   3.5652E-05  2.1298E-01  3.2124E-01  7.9750E-01  2.8936E+00  4.4820E-06
199601   3.4912E-05  2.1307E-01  3.4095E-01  8.5240E-01  3.0983E+00  4.4808E-06
199602   3.4752E-05  2.1216E-01  3.1794E-01  7.9490E-01  2.8889E+00  4.4616E-06
199603   3.4270E-05  2.0964E-01  2.5471E-01  6.3730E-01  2.3165E+00  4.4082E-06
199604   3.3578E-05  2.0618E-01  1.6886E-01  4.2360E-01  1.5398E+00  4.3351E-06
199605   3.3025E-05  2.0287E-01  8.3990E-02  2.1140E-01  7.6880E-01  4.2655E-06
199606   3.2517E-05  2.0037E-01  2.2360E-02  5.7900E-02  2.1080E-01  4.2125E-06
199607   3.2432E-05  1.9955E-01  2.4000E-04  2.2000E-03  8.1000E-03  4.1954E-06
199608   3.2583E-05  2.0043E-01  2.2620E-02  5.8100E-02  2.1110E-01  4.2140E-06
199609   3.3017E-05  2.0287E-01  8.4160E-02  2.1170E-01  7.7000E-01  4.2653E-06
199610   3.3420E-05  2.0604E-01  1.6822E-01  4.2280E-01  1.5382E+00  4.3315E-06
199611   3.4021E-05  2.0941E-01  2.5369E-01  6.3620E-01  2.3138E+00  4.4027E-06
199612   3.4432E-05  2.1187E-01  3.1658E-01  7.9360E-01  2.8861E+00  4.4543E-06
199701   3.6484E-05  2.1451E-01  3.4711E-01  8.5770E-01  3.1087E+00  4.5165E-06
199702   3.6389E-05  2.1365E-01  3.2402E-01  7.9970E-01  2.8974E+00  4.4988E-06
199703   3.6004E-05  2.1122E-01  2.6128E-01  6.4230E-01  2.3258E+00  4.4476E-06
199704   3.5351E-05  2.0780E-01  1.7453E-01  4.2620E-01  1.5416E+00  4.3754E-06
199705   3.4867E-05  2.0456E-01  9.1500E-02  2.1800E-01  7.8250E-01  4.3072E-06
199706   3.4315E-05  2.0201E-01  2.9480E-02  6.4200E-02  2.2350E-01  4.2532E-06
199707   3.4114E-05  2.0109E-01  6.9600E-03  8.1000E-03  1.9800E-02  4.2335E-06
199708   3.4258E-05  2.0196E-01  2.9330E-02  6.4000E-02  2.2280E-01  4.2520E-06
199709   3.4538E-05  2.0425E-01  9.0100E-02  2.1670E-01  7.7930E-01  4.2997E-06
199710   3.5066E-05  2.0754E-01  1.7422E-01  4.2740E-01  1.5465E+00  4.3688E-06
199711   3.5672E-05  2.1092E-01  2.5989E-01  6.4100E-01  2.3227E+00  4.4401E-06
199712   3.5986E-05  2.1329E-01  3.2242E-01  7.9810E-01  2.8941E+00  4.4896E-06
199801   4.1557E-05  2.1914E-01  3.6652E-01  8.7280E-01  3.1366E+00  4.6315E-06
199802   4.1217E-05  2.1807E-01  3.4248E-01  8.1420E-01  2.9244E+00  4.6083E-06
199803   4.0769E-05  2.1557E-01  2.7949E-01  6.5650E-01  2.3519E+00  4.5557E-06
199804   4.0162E-05  2.1220E-01  1.9351E-01  4.4210E-01  1.5734E+00  4.4845E-06
199805   3.9615E-05  2.0889E-01  1.0879E-01  2.3010E-01  8.0250E-01  4.4150E-06
199806   3.9230E-05  2.0650E-01  4.7740E-02  7.7400E-02  2.4630E-01  4.3648E-06
199807   3.9100E-05  2.0564E-01  2.5520E-02  2.1800E-02  4.3500E-02  4.3467E-06
199808   3.9228E-05  2.0650E-01  4.7600E-02  7.7200E-02  2.4580E-01  4.3648E-06
199809   3.9853E-05  2.0911E-01  1.1036E-01  2.3280E-01  8.0900E-01  4.4204E-06
199810   4.0354E-05  2.1237E-01  1.9469E-01  4.4390E-01  1.5773E+00  4.4887E-06
199811   4.0943E-05  2.1574E-01  2.8019E-01  6.5750E-01  2.3544E+00  4.5597E-06
199812   4.1599E-05  2.1841E-01  3.4401E-01  8.1540E-01  2.9264E+00  4.6169E-06
199901   4.5305E-05  2.2256E-01  3.8130E-01  8.8550E-01  3.1616E+00  4.7164E-06
199902   4.4993E-05  2.2151E-01  3.5724E-01  8.2620E-01  2.9475E+00  4.6938E-06
199903   4.4379E-05  2.1887E-01  2.9402E-01  6.6950E-01  2.3783E+00  4.6375E-06
199904   4.3416E-05  2.1517E-01  2.0719E-01  4.5540E-01  1.6015E+00  4.5581E-06
199905   4.2675E-05  2.1169E-01  1.2152E-01  2.4230E-01  8.2850E-01  4.4843E-06
199906   4.2179E-05  2.0920E-01  6.0220E-02  8.9700E-02  2.7360E-01  4.4315E-06
199907   4.2027E-05  2.0831E-01  3.7680E-02  3.3200E-02  6.8100E-02  4.4130E-06
199908   4.2541E-05  2.0953E-01  6.1710E-02  9.1000E-02  2.7580E-01  4.4397E-06
199909   4.3362E-05  2.1231E-01  1.2438E-01  2.4490E-01  8.3370E-01  4.4998E-06
199910   4.4233E-05  2.1591E-01  2.0962E-01  4.5580E-01  1.5996E+00  4.5767E-06
199911   4.5254E-05  2.1967E-01  2.9623E-01  6.6960E-01  2.3752E+00  4.6574E-06
199912   4.5877E-05  2.2232E-01  3.6006E-01  8.2770E-01  2.9490E+00  4.7139E-06
200001   4.9927E-05  2.2679E-01  3.9761E-01  8.9580E-01  3.1769E+00  4.8214E-06
200002   4.9671E-05  2.2579E-01  3.7492E-01  8.4030E-01  2.9737E+00  4.8000E-06
200003   4.9067E-05  2.2316E-01  3.1222E-01  6.8420E-01  2.4065E+00  4.7438E-06
200004   4.8349E-05  2.1967E-01  2.2679E-01  4.7180E-01  1.6341E+00  4.6699E-06
200005   4.7494E-05  2.1609E-01  1.4130E-01  2.6030E-01  8.6580E-01  4.5935E-06
200006   4.6812E-05  2.1343E-01  7.8710E-02  1.0550E-01  3.0480E-01  4.5365E-06
200007   4.6426E-05  2.1233E-01  5.5330E-02  4.8800E-02  1.0010E-01  4.5126E-06
200008   4.6558E-05  2.1320E-01  7.6680E-02  1.0210E-01  2.9480E-01  4.5309E-06
200009   4.7431E-05  2.1603E-01  1.4123E-01  2.6030E-01  8.6650E-01  4.5920E-06
200010   4.8010E-05  2.1936E-01  2.2494E-01  4.6930E-01  1.6278E+00  4.6624E-06
200011   4.8979E-05  2.2307E-01  3.1221E-01  6.8510E-01  2.4095E+00  4.7418E-06
200012   4.9946E-05  2.2604E-01  3.7661E-01  8.4230E-01  2.9792E+00  4.8062E-06
200101   4.9143E-05  2.2608E-01  3.9386E-01  8.9170E-01  3.1669E+00  4.8038E-06
200102   4.8822E-05  2.2502E-01  3.7088E-01  8.3530E-01  2.9616E+00  4.7808E-06
200103   4.8506E-05  2.2264E-01  3.0898E-01  6.8000E-01  2.3952E+00  4.7312E-06
200104   4.7700E-05  2.1908E-01  2.2279E-01  4.6600E-01  1.6192E+00  4.6554E-06
200105   4.7044E-05  2.1568E-01  1.3769E-01  2.5420E-01  8.4890E-01  4.5835E-06
200106   4.6479E-05  2.1313E-01  7.5250E-02  9.8800E-02  2.8540E-01  4.5292E-06
200107   4.6278E-05  2.1220E-01  5.2830E-02  4.3200E-02  8.3300E-02  4.5095E-06
200108   4.6464E-05  2.1311E-01  7.5520E-02  9.9800E-02  2.8860E-01  4.5288E-06
200109   4.7152E-05  2.1578E-01  1.3739E-01  2.5240E-01  8.4330E-01  4.5860E-06
200110   4.7533E-05  2.1893E-01  2.2139E-01  4.6400E-01  1.6126E+00  4.6517E-06
200111   4.8310E-05  2.2247E-01  3.0750E-01  6.7780E-01  2.3894E+00  4.7268E-06
200112   4.8836E-05  2.2503E-01  3.7088E-01  8.3520E-01  2.9611E+00  4.7811E-06
200201   5.0700E-05  2.2749E-01  4.0088E-01  8.9910E-01  3.1835E+00  4.8389E-06
200202   5.0397E-05  2.2646E-01  3.7670E-01  8.3950E-01  2.9687E+00  4.8165E-06
200203   4.9887E-05  2.2391E-01  3.1376E-01  6.8300E-01  2.3994E+00  4.7625E-06
200204   4.9262E-05  2.2051E-01  2.2848E-01  4.7010E-01  1.6253E+00  4.6909E-06
200205   4.8570E-05  2.1708E-01  1.4296E-01  2.5740E-01  8.5300E-01  4.6181E-06
200206   4.7941E-05  2.1446E-01  8.1660E-02  1.0540E-01  3.0060E-01  4.5623E-06
200207   4.7592E-05  2.1340E-01  5.9130E-02  5.0600E-02  1.0100E-01  4.5391E-06
200208   4.7773E-05  2.1431E-01  8.2020E-02  1.0760E-01  3.0750E-01  4.5584E-06
200209   4.8565E-05  2.1707E-01  1.4428E-01  2.6050E-01  8.6330E-01  4.6179E-06
200210   4.9443E-05  2.2068E-01  2.2929E-01  4.7090E-01  1.6273E+00  4.6949E-06
200211   5.0152E-05  2.2415E-01  3.1508E-01  6.8450E-01  2.4038E+00  4.7685E-06
200212   5.0676E-05  2.2671E-01  3.7817E-01  8.4150E-01  2.9737E+00  4.8229E-06
200301   4.4986E-05  2.2228E-01  3.7856E-01  8.8060E-01  3.1476E+00  4.7094E-06
200302   4.4479E-05  2.2105E-01  3.5453E-01  8.2290E-01  2.9393E+00  4.6823E-06
200303   4.3745E-05  2.1829E-01  2.9092E-01  6.6610E-01  2.3699E+00  4.6232E-06
200304   4.2763E-05  2.1457E-01  2.0343E-01  4.4990E-01  1.5871E+00  4.5434E-06
200305   4.2041E-05  2.1111E-01  1.1836E-01  2.3850E-01  8.1900E-01  4.4700E-06
200306   4.1359E-05  2.0845E-01  5.5980E-02  8.4500E-02  2.5980E-01  4.4130E-06
200307   4.0957E-05  2.0734E-01  3.2750E-02  2.8000E-02  5.5800E-02  4.3887E-06
200308   4.0873E-05  2.0801E-01  5.4050E-02  8.2600E-02  2.5610E-01  4.4020E-06
200309   4.1376E-05  2.1050E-01  1.1611E-01  2.3730E-01  8.1740E-01  4.4548E-06
200310   4.2058E-05  2.1393E-01  2.0154E-01  4.5000E-01  1.5900E+00  4.5274E-06
200311   4.2649E-05  2.1729E-01  2.8677E-01  6.6300E-01  2.3647E+00  4.5983E-06
200312   4.3120E-05  2.1980E-01  3.5044E-01  8.2160E-01  2.9403E+00  4.6513E-06
200401   3.9827E-05  2.1756E-01  3.6013E-01  8.6830E-01  3.1292E+00  4.5922E-06
200402   3.9761E-05  2.1673E-01  3.3717E-01  8.1020E-01  2.9173E+00  4.5752E-06
200403   3.9346E-05  2.1427E-01  2.7403E-01  6.5250E-01  2.3446E+00  4.5234E-06
200404   3.8822E-05  2.1097E-01  1.8900E-01  4.3970E-01  1.5702E+00  4.4540E-06
200405   3.8000E-05  2.0742E-01  1.0287E-01  2.2630E-01  7.9580E-01  4.3783E-06
200406   3.7690E-05  2.0510E-01  4.1970E-02  7.3000E-02  2.3850E-01  4.3298E-06
200407   3.7498E-05  2.0418E-01  1.9550E-02  1.7400E-02  3.6000E-02  4.3103E-06
200408   3.7713E-05  2.0512E-01  4.2110E-02  7.3500E-02  2.4020E-01  4.3303E-06
200409   3.8355E-05  2.0774E-01  1.0466E-01  2.2830E-01  8.0100E-01  4.3864E-06
200410   3.8873E-05  2.1102E-01  1.8925E-01  4.4000E-01  1.5710E+00  4.4551E-06
200411   3.9678E-05  2.1458E-01  2.7550E-01  6.5380E-01  2.3474E+00  4.5310E-06
200412   4.0311E-05  2.1724E-01  3.3920E-01  8.1170E-01  2.9203E+00  4.5877E-06
200501   3.8333E-05  2.1620E-01  3.5388E-01  8.6220E-01  3.1159E+00  4.5585E-06
200502   3.8241E-05  2.1535E-01  3.3051E-01  8.0350E-01  2.9027E+00  4.5408E-06
200503   3.7851E-05  2.1291E-01  2.6767E-01  6.4640E-01  2.3312E+00  4.4896E-06
200504   3.7344E-05  2.0962E-01  1.8289E-01  4.3420E-01  1.5587E+00  4.4205E-06
200505   3.6901E-05  2.0641E-01  9.8970E-02  2.2350E-01  7.9190E-01  4.3534E-06
200506   3.6403E-05  2.0392E-01  3.7200E-02  6.9900E-02  2.3340E-01  4.3006E-06
200507   3.6333E-05  2.0311E-01  1.5210E-02  1.4300E-02  3.0600E-02  4.2839E-06
200508   3.6654E-05  2.0415E-01  3.8210E-02  7.0700E-02  2.3470E-01  4.3063E-06
200509   3.7010E-05  2.0651E-01  9.9210E-02  2.2340E-01  7.9110E-01  4.3559E-06
200510   3.7642E-05  2.0989E-01  1.8392E-01  4.3460E-01  1.5592E+00  4.4273E-06
200511   3.8112E-05  2.1315E-01  2.6848E-01  6.4670E-01  2.3310E+00  4.4955E-06
200512   3.8633E-05  2.1571E-01  3.3162E-01  8.0370E-01  2.9020E+00  4.5497E-06
200601   3.7343E-05  2.1529E-01  3.5054E-01  8.6030E-01  3.1137E+00  4.5359E-06
200602   3.7068E-05  2.1428E-01  3.2671E-01  8.0160E-01  2.9011E+00  4.5141E-06
200603   3.6420E-05  2.1160E-01  2.6284E-01  6.4350E-01  2.3277E+00  4.4570E-06
200604   3.5885E-05  2.0829E-01  1.7756E-01  4.3020E-01  1.5518E+00  4.3874E-06
200605   3.5484E-05  2.0512E-01  9.3680E-02  2.1950E-01  7.8460E-01  4.3213E-06
200606   3.5087E-05  2.0272E-01  3.2430E-02  6.6300E-02  2.2740E-01  4.2707E-06
200607   3.4805E-05  2.0172E-01  9.5500E-03  1.0300E-02  2.3900E-02  4.2492E-06
200608   3.4843E-05  2.0250E-01  3.1420E-02  6.5600E-02  2.2570E-01  4.2652E-06
200609   3.5392E-05  2.0503E-01  9.3590E-02  2.1990E-01  7.8610E-01  4.3192E-06
200610   3.5990E-05  2.0838E-01  1.7819E-01  4.3130E-01  1.5549E+00  4.3897E-06
200611   3.6350E-05  2.1154E-01  2.6253E-01  6.4340E-01  2.3275E+00  4.4554E-06
200612   3.6588E-05  2.1384E-01  3.2434E-01  7.9900E-01  2.8948E+00  4.5033E-06
200701   3.5974E-05  2.1404E-01  3.4481E-01  8.5520E-01  3.1032E+00  4.5049E-06
200702   3.5845E-05  2.1316E-01  3.2182E-01  7.9740E-01  2.8926E+00  4.4865E-06
200703   3.5447E-05  2.1071E-01  2.5894E-01  6.4020E-01  2.3210E+00  4.4350E-06
200704   3.4888E-05  2.0738E-01  1.7378E-01  4.2740E-01  1.5467E+00  4.3648E-06
200705   3.4344E-05  2.0408E-01  8.9280E-02  2.1600E-01  7.7760E-01  4.2954E-06
200706   3.3955E-05  2.0168E-01  2.7910E-02  6.2600E-02  2.1980E-01  4.2451E-06
200707   3.3761E-05  2.0077E-01  5.4100E-03  6.7000E-03  1.6600E-02  4.2255E-06
200708   3.3899E-05  2.0163E-01  2.7700E-02  6.2600E-02  2.2000E-01  4.2438E-06
200709   3.4161E-05  2.0391E-01  8.8570E-02  2.1550E-01  7.7690E-01  4.2912E-06
200710   3.4640E-05  2.0715E-01  1.7292E-01  4.2690E-01  1.5458E+00  4.3591E-06
200711   3.5138E-05  2.1043E-01  2.5806E-01  6.4000E-01  2.3216E+00  4.4280E-06
200712   3.5465E-05  2.1281E-01  3.2060E-01  7.9690E-01  2.8928E+00  4.4778E-06
200801   3.4815E-05  2.1298E-01  3.4084E-01  8.5270E-01  3.0997E+00  4.4786E-06
200802   3.4754E-05  2.1216E-01  3.1811E-01  7.9530E-01  2.8903E+00  4.4616E-06
200803   3.4458E-05  2.0981E-01  2.5587E-01  6.3860E-01  2.3201E+00  4.4125E-06
200804   3.3945E-05  2.0651E-01  1.7068E-01  4.2570E-01  1.5453E+00  4.3434E-06
200805   3.3541E-05  2.0334E-01  8.6780E-02  2.1500E-01  7.7780E-01  4.2771E-06
200806   3.3150E-05  2.0095E-01  2.5300E-02  6.1200E-02  2.1860E-01  4.2268E-06
200807   3.2652E-05  1.9975E-01  1.4400E-03  3.7000E-03  1.1800E-02  4.2003E-06
200808   3.2850E-05  2.0067E-01  2.4010E-02  6.0000E-02  2.1610E-01  4.2200E-06
200809   3.3391E-05  2.0320E-01  8.6080E-02  2.1440E-01  7.7640E-01  4.2737E-06
200810   3.3886E-05  2.0646E-01  1.7042E-01  4.2550E-01  1.5447E+00  4.3420E-06
200811   3.4373E-05  2.0973E-01  2.5540E-01  6.3830E-01  2.3195E+00  4.4106E-06
200812   3.4746E-05  2.1215E-01  3.1811E-01  7.9540E-01  2.8905E+00  4.4615E-06
200901   3.5153E-05  2.1329E-01  3.4236E-01  8.5430E-01  3.1032E+00  4.4862E-06
200902   3.5060E-05  2.1244E-01  3.1947E-01  7.9690E-01  2.8938E+00  4.4686E-06
200903   3.4549E-05  2.0989E-01  2.5607E-01  6.3910E-01  2.3211E+00  4.4145E-06
200904   3.3877E-05  2.0645E-01  1.7040E-01  4.2550E-01  1.5445E+00  4.3418E-06
200905   3.3331E-05  2.0315E-01  8.5760E-02  2.1370E-01  7.7510E-01  4.2724E-06
200906   3.2969E-05  2.0078E-01  2.4470E-02  6.0200E-02  2.1640E-01  4.2227E-06
200907   3.2857E-05  1.9994E-01  2.1400E-03  4.3000E-03  1.2900E-02  4.2050E-06
200908   3.3043E-05  2.0085E-01  2.4870E-02  6.0700E-02  2.1720E-01  4.2244E-06
200909   3.3168E-05  2.0300E-01  8.5050E-02  2.1320E-01  7.7390E-01  4.2687E-06
200910   3.3751E-05  2.0634E-01  1.6989E-01  4.2500E-01  1.5438E+00  4.3389E-06
200911   3.4449E-05  2.0980E-01  2.5577E-01  6.3860E-01  2.3204E+00  4.4123E-06
200912   3.4831E-05  2.1223E-01  3.1859E-01  7.9590E-01  2.8916E+00  4.4633E-06
201001   3.6921E-05  2.1491E-01  3.4905E-01  8.5920E-01  3.1115E+00  4.5263E-06
201002   3.6600E-05  2.1385E-01  3.2521E-01  8.0080E-01  2.9006E+00  4.5035E-06
201003   3.6288E-05  2.1148E-01  2.6263E-01  6.4410E-01  2.3298E+00  4.4540E-06
201004   3.5758E-05  2.0817E-01  1.7775E-01  4.3160E-01  1.5567E+00  4.3844E-06
201005   3.5245E-05  2.0490E-01  9.3000E-02  2.1960E-01  7.8600E-01  4.3158E-06
201006   3.4896E-05  2.0254E-01  3.1870E-02  6.6300E-02  2.2790E-01  4.2664E-06
201007   3.4796E-05  2.0171E-01  9.8200E-03  1.0700E-02  2.5100E-02  4.2490E-06
201008   3.5090E-05  2.0272E-01  3.2820E-02  6.7200E-02  2.2990E-01  4.2707E-06
201009   3.5600E-05  2.0522E-01  9.4740E-02  2.2150E-01  7.9040E-01  4.3238E-06
201010   3.6205E-05  2.0858E-01  1.7957E-01  4.3300E-01  1.5596E+00  4.3946E-06
201011   3.7071E-05  2.1220E-01  2.6606E-01  6.4740E-01  2.3372E+00  4.4717E-06
201012   3.7499E-05  2.1467E-01  3.2895E-01  8.0450E-01  2.9085E+00  4.5238E-06
201101   4.1575E-05  2.1916E-01  3.6625E-01  8.7220E-01  3.1345E+00  4.6320E-06
201102   4.1569E-05  2.1839E-01  3.4356E-01  8.1460E-01  2.9241E+00  4.6163E-06
201103   4.1362E-05  2.1612E-01  2.8146E-01  6.5790E-01  2.3541E+00  4.5692E-06
201104   4.0890E-05  2.1286E-01  1.9623E-01  4.4430E-01  1.5766E+00  4.5009E-06
201105   4.0305E-05  2.0952E-01  1.1157E-01  2.3290E-01  8.0770E-01  4.4306E-06
201106   3.9634E-05  2.0688E-01  4.9150E-02  7.8400E-02  2.4780E-01  4.3739E-06
201107   3.9611E-05  2.0611E-01  2.7480E-02  2.3500E-02  4.6800E-02  4.3583E-06
201108   3.9753E-05  2.0698E-01  5.0330E-02  8.0600E-02  2.5390E-01  4.3765E-06
201109   4.0086E-05  2.0932E-01  1.1132E-01  2.3340E-01  8.1060E-01  4.4257E-06
201110   4.0441E-05  2.1245E-01  1.9534E-01  4.4520E-01  1.5811E+00  4.4907E-06
201111   4.0901E-05  2.1569E-01  2.8041E-01  6.5810E-01  2.3561E+00  4.5586E-06
201112   4.1452E-05  2.1828E-01  3.4416E-01  8.1650E-01  2.9307E+00  4.6135E-06
