196601   6.2352E-03  1.4136E-01  2.8224E-01  6.6240E-01  2.9698E+00  4.6449E-06
196602   6.2088E-03  1.4076E-01  2.6300E-01  6.1750E-01  2.7678E+00  4.6252E-06
196603   6.1372E-03  1.3914E-01  2.1084E-01  4.9490E-01  2.2184E+00  4.5719E-06
196604   6.0400E-03  1.3693E-01  1.4001E-01  3.2870E-01  1.4729E+00  4.4994E-06
196605   5.9435E-03  1.3475E-01  6.9750E-02  1.6360E-01  7.3350E-01  4.4276E-06
196606   5.8734E-03  1.3316E-01  1.8620E-02  4.3800E-02  1.9600E-01  4.3753E-06
196607   5.8478E-03  1.3258E-01  0.0000E+00  0.0000E+00  0.0000E+00  4.3563E-06
196608   5.8734E-03  1.3316E-01  1.8620E-02  4.3800E-02  1.9600E-01  4.3753E-06
196609   5.9435E-03  1.3475E-01  6.9750E-02  1.6360E-01  7.3350E-01  4.4276E-06
196610   6.0400E-03  1.3693E-01  1.4001E-01  3.2870E-01  1.4729E+00  4.4994E-06
196611   6.1372E-03  1.3914E-01  2.1084E-01  4.9490E-01  2.2184E+00  4.5719E-06
196612   6.2088E-03  1.4076E-01  2.6300E-01  6.1750E-01  2.7678E+00  4.6252E-06
196701   6.2352E-03  1.4136E-01  2.8224E-01  6.6240E-01  2.9698E+00  4.6449E-06
196702   6.2088E-03  1.4076E-01  2.6300E-01  6.1750E-01  2.7678E+00  4.6252E-06
196703   6.1372E-03  1.3914E-01  2.1084E-01  4.9490E-01  2.2184E+00  4.5719E-06
196704   6.0400E-03  1.3693E-01  1.4001E-01  3.2870E-01  1.4729E+00  4.4994E-06
196705   5.9435E-03  1.3475E-01  6.9750E-02  1.6360E-01  7.3350E-01  4.4276E-06
196706   5.8734E-03  1.3316E-01  1.8620E-02  4.3800E-02  1.9600E-01  4.3753E-06
196707   5.8478E-03  1.3258E-01  0.0000E+00  0.0000E+00  0.0000E+00  4.3563E-06
196708   5.8734E-03  1.3316E-01  1.8620E-02  4.3800E-02  1.9600E-01  4.3753E-06
196709   5.9435E-03  1.3475E-01  6.9750E-02  1.6360E-01  7.3350E-01  4.4276E-06
196710   6.0400E-03  1.3693E-01  1.4001E-01  3.2870E-01  1.4729E+00  4.4994E-06
196711   6.1372E-03  1.3914E-01  2.1084E-01  4.9490E-01  2.2184E+00  4.5719E-06
196712   6.2088E-03  1.4076E-01  2.6300E-01  6.1750E-01  2.7678E+00  4.6252E-06
196801   6.2352E-03  1.4136E-01  2.8224E-01  6.6240E-01  2.9698E+00  4.6449E-06
196802   6.2088E-03  1.4076E-01  2.6300E-01  6.1750E-01  2.7678E+00  4.6252E-06
196803   6.1372E-03  1.3914E-01  2.1084E-01  4.9490E-01  2.2184E+00  4.5719E-06
196804   6.0400E-03  1.3693E-01  1.4001E-01  3.2870E-01  1.4729E+00  4.4994E-06
196805   5.9435E-03  1.3475E-01  6.9750E-02  1.6360E-01  7.3350E-01  4.4276E-06
196806   5.8734E-03  1.3316E-01  1.8620E-02  4.3800E-02  1.9600E-01  4.3753E-06
196807   5.8478E-03  1.3258E-01  0.0000E+00  0.0000E+00  0.0000E+00  4.3563E-06
196808   5.8734E-03  1.3316E-01  1.8620E-02  4.3800E-02  1.9600E-01  4.3753E-06
196809   5.9435E-03  1.3475E-01  6.9750E-02  1.6360E-01  7.3350E-01  4.4276E-06
196810   6.0400E-03  1.3693E-01  1.4001E-01  3.2870E-01  1.4729E+00  4.4994E-06
196811   6.1372E-03  1.3914E-01  2.1084E-01  4.9490E-01  2.2184E+00  4.5719E-06
196812   6.2088E-03  1.4076E-01  2.6300E-01  6.1750E-01  2.7678E+00  4.6252E-06
196901   6.2352E-03  1.4136E-01  2.8224E-01  6.6240E-01  2.9698E+00  4.6449E-06
196902   6.2088E-03  1.4076E-01  2.6300E-01  6.1750E-01  2.7678E+00  4.6252E-06
196903   6.1372E-03  1.3914E-01  2.1084E-01  4.9490E-01  2.2184E+00  4.5719E-06
196904   6.0400E-03  1.3693E-01  1.4001E-01  3.2870E-01  1.4729E+00  4.4994E-06
196905   5.9435E-03  1.3475E-01  6.9750E-02  1.6360E-01  7.3350E-01  4.4276E-06
196906   5.8734E-03  1.3316E-01  1.8620E-02  4.3800E-02  1.9600E-01  4.3753E-06
196907   5.8478E-03  1.3258E-01  0.0000E+00  0.0000E+00  0.0000E+00  4.3563E-06
196908   5.8734E-03  1.3316E-01  1.8620E-02  4.3800E-02  1.9600E-01  4.3753E-06
196909   5.9435E-03  1.3475E-01  6.9750E-02  1.6360E-01  7.3350E-01  4.4276E-06
196910   6.0400E-03  1.3693E-01  1.4001E-01  3.2870E-01  1.4729E+00  4.4994E-06
196911   6.1372E-03  1.3914E-01  2.1084E-01  4.9490E-01  2.2184E+00  4.5719E-06
196912   6.2088E-03  1.4076E-01  2.6300E-01  6.1750E-01  2.7678E+00  4.6252E-06
197001   6.2352E-03  1.4136E-01  2.8224E-01  6.6240E-01  2.9698E+00  4.6449E-06
197002   6.2088E-03  1.4076E-01  2.6300E-01  6.1750E-01  2.7678E+00  4.6252E-06
197003   6.1372E-03  1.3914E-01  2.1084E-01  4.9490E-01  2.2184E+00  4.5719E-06
197004   6.0400E-03  1.3693E-01  1.4001E-01  3.2870E-01  1.4729E+00  4.4994E-06
197005   5.9435E-03  1.3475E-01  6.9750E-02  1.6360E-01  7.3350E-01  4.4276E-06
197006   5.8734E-03  1.3316E-01  1.8620E-02  4.3800E-02  1.9600E-01  4.3753E-06
197007   5.8478E-03  1.3258E-01  0.0000E+00  0.0000E+00  0.0000E+00  4.3563E-06
197008   5.8734E-03  1.3316E-01  1.8620E-02  4.3800E-02  1.9600E-01  4.3753E-06
197009   5.9435E-03  1.3475E-01  6.9750E-02  1.6360E-01  7.3350E-01  4.4276E-06
197010   6.0400E-03  1.3693E-01  1.4001E-01  3.2870E-01  1.4729E+00  4.4994E-06
197011   6.1372E-03  1.3914E-01  2.1084E-01  4.9490E-01  2.2184E+00  4.5719E-06
197012   6.2088E-03  1.4076E-01  2.6300E-01  6.1750E-01  2.7678E+00  4.6252E-06
197101   6.2352E-03  1.4136E-01  2.8224E-01  6.6240E-01  2.9698E+00  4.6449E-06
197102   6.2088E-03  1.4076E-01  2.6300E-01  6.1750E-01  2.7678E+00  4.6252E-06
197103   6.1372E-03  1.3914E-01  2.1084E-01  4.9490E-01  2.2184E+00  4.5719E-06
197104   6.0400E-03  1.3693E-01  1.4001E-01  3.2870E-01  1.4729E+00  4.4994E-06
197105   5.9435E-03  1.3475E-01  6.9750E-02  1.6360E-01  7.3350E-01  4.4276E-06
197106   5.8734E-03  1.3316E-01  1.8620E-02  4.3800E-02  1.9600E-01  4.3753E-06
197107   5.8478E-03  1.3258E-01  0.0000E+00  0.0000E+00  0.0000E+00  4.3563E-06
197108   5.8734E-03  1.3316E-01  1.8620E-02  4.3800E-02  1.9600E-01  4.3753E-06
197109   5.9435E-03  1.3475E-01  6.9750E-02  1.6360E-01  7.3350E-01  4.4276E-06
197110   6.0400E-03  1.3693E-01  1.4001E-01  3.2870E-01  1.4729E+00  4.4994E-06
197111   6.1372E-03  1.3914E-01  2.1084E-01  4.9490E-01  2.2184E+00  4.5719E-06
197112   6.2088E-03  1.4076E-01  2.6300E-01  6.1750E-01  2.7678E+00  4.6252E-06
197201   6.2352E-03  1.4136E-01  2.8224E-01  6.6240E-01  2.9698E+00  4.6449E-06
197202   6.2088E-03  1.4076E-01  2.6300E-01  6.1750E-01  2.7678E+00  4.6252E-06
197203   6.1372E-03  1.3914E-01  2.1084E-01  4.9490E-01  2.2184E+00  4.5719E-06
197204   6.0400E-03  1.3693E-01  1.4001E-01  3.2870E-01  1.4729E+00  4.4994E-06
197205   5.9435E-03  1.3475E-01  6.9750E-02  1.6360E-01  7.3350E-01  4.4276E-06
197206   5.8734E-03  1.3316E-01  1.8620E-02  4.3800E-02  1.9600E-01  4.3753E-06
197207   5.8478E-03  1.3258E-01  0.0000E+00  0.0000E+00  0.0000E+00  4.3563E-06
197208   5.8734E-03  1.3316E-01  1.8620E-02  4.3800E-02  1.9600E-01  4.3753E-06
197209   5.9435E-03  1.3475E-01  6.9750E-02  1.6360E-01  7.3350E-01  4.4276E-06
197210   6.0400E-03  1.3693E-01  1.4001E-01  3.2870E-01  1.4729E+00  4.4994E-06
197211   6.1372E-03  1.3914E-01  2.1084E-01  4.9490E-01  2.2184E+00  4.5719E-06
197212   6.2088E-03  1.4076E-01  2.6300E-01  6.1750E-01  2.7678E+00  4.6252E-06
197301   6.2352E-03  1.4136E-01  2.8224E-01  6.6240E-01  2.9698E+00  4.6449E-06
197302   6.2088E-03  1.4076E-01  2.6300E-01  6.1750E-01  2.7678E+00  4.6252E-06
197303   6.1372E-03  1.3914E-01  2.1084E-01  4.9490E-01  2.2184E+00  4.5719E-06
197304   6.0400E-03  1.3693E-01  1.4001E-01  3.2870E-01  1.4729E+00  4.4994E-06
197305   5.9435E-03  1.3475E-01  6.9750E-02  1.6360E-01  7.3350E-01  4.4276E-06
197306   5.8734E-03  1.3316E-01  1.8620E-02  4.3800E-02  1.9600E-01  4.3753E-06
197307   5.8478E-03  1.3258E-01  0.0000E+00  0.0000E+00  0.0000E+00  4.3563E-06
197308   5.8734E-03  1.3316E-01  1.8620E-02  4.3800E-02  1.9600E-01  4.3753E-06
197309   5.9435E-03  1.3475E-01  6.9750E-02  1.6360E-01  7.3350E-01  4.4276E-06
197310   6.0400E-03  1.3693E-01  1.4001E-01  3.2870E-01  1.4729E+00  4.4994E-06
197311   6.1372E-03  1.3914E-01  2.1084E-01  4.9490E-01  2.2184E+00  4.5719E-06
197312   6.2088E-03  1.4076E-01  2.6300E-01  6.1750E-01  2.7678E+00  4.6252E-06
197401   6.2352E-03  1.4136E-01  2.8224E-01  6.6240E-01  2.9698E+00  4.6449E-06
197402   6.2088E-03  1.4076E-01  2.6300E-01  6.1750E-01  2.7678E+00  4.6252E-06
197403   6.1372E-03  1.3914E-01  2.1084E-01  4.9490E-01  2.2184E+00  4.5719E-06
197404   6.0400E-03  1.3693E-01  1.4001E-01  3.2870E-01  1.4729E+00  4.4994E-06
197405   5.9435E-03  1.3475E-01  6.9750E-02  1.6360E-01  7.3350E-01  4.4276E-06
197406   5.8734E-03  1.3316E-01  1.8620E-02  4.3800E-02  1.9600E-01  4.3753E-06
197407   5.8478E-03  1.3258E-01  0.0000E+00  0.0000E+00  0.0000E+00  4.3563E-06
197408   5.8734E-03  1.3316E-01  1.8620E-02  4.3800E-02  1.9600E-01  4.3753E-06
197409   5.9435E-03  1.3475E-01  6.9750E-02  1.6360E-01  7.3350E-01  4.4276E-06
197410   6.0400E-03  1.3693E-01  1.4001E-01  3.2870E-01  1.4729E+00  4.4994E-06
197411   6.1372E-03  1.3914E-01  2.1084E-01  4.9490E-01  2.2184E+00  4.5719E-06
197412   6.2088E-03  1.4076E-01  2.6300E-01  6.1750E-01  2.7678E+00  4.6252E-06
197501   6.2352E-03  1.4136E-01  2.8224E-01  6.6240E-01  2.9698E+00  4.6449E-06
197502   6.2088E-03  1.4076E-01  2.6300E-01  6.1750E-01  2.7678E+00  4.6252E-06
197503   6.1372E-03  1.3914E-01  2.1084E-01  4.9490E-01  2.2184E+00  4.5719E-06
197504   6.0400E-03  1.3693E-01  1.4001E-01  3.2870E-01  1.4729E+00  4.4994E-06
197505   5.9435E-03  1.3475E-01  6.9750E-02  1.6360E-01  7.3350E-01  4.4276E-06
197506   5.8734E-03  1.3316E-01  1.8620E-02  4.3800E-02  1.9600E-01  4.3753E-06
197507   5.8478E-03  1.3258E-01  0.0000E+00  0.0000E+00  0.0000E+00  4.3563E-06
197508   5.8734E-03  1.3316E-01  1.8620E-02  4.3800E-02  1.9600E-01  4.3753E-06
197509   5.9435E-03  1.3475E-01  6.9750E-02  1.6360E-01  7.3350E-01  4.4276E-06
197510   6.0400E-03  1.3693E-01  1.4001E-01  3.2870E-01  1.4729E+00  4.4994E-06
197511   6.1372E-03  1.3914E-01  2.1084E-01  4.9490E-01  2.2184E+00  4.5719E-06
197512   6.2088E-03  1.4076E-01  2.6300E-01  6.1750E-01  2.7678E+00  4.6252E-06
197601   6.2352E-03  1.4136E-01  2.8224E-01  6.6240E-01  2.9698E+00  4.6449E-06
197602   6.2088E-03  1.4076E-01  2.6300E-01  6.1750E-01  2.7678E+00  4.6252E-06
197603   6.1372E-03  1.3914E-01  2.1084E-01  4.9490E-01  2.2184E+00  4.5719E-06
197604   6.0400E-03  1.3693E-01  1.4001E-01  3.2870E-01  1.4729E+00  4.4994E-06
197605   5.9435E-03  1.3475E-01  6.9750E-02  1.6360E-01  7.3350E-01  4.4276E-06
197606   5.8734E-03  1.3316E-01  1.8620E-02  4.3800E-02  1.9600E-01  4.3753E-06
197607   5.8478E-03  1.3258E-01  0.0000E+00  0.0000E+00  0.0000E+00  4.3563E-06
197608   5.8734E-03  1.3316E-01  1.8620E-02  4.3800E-02  1.9600E-01  4.3753E-06
197609   5.9435E-03  1.3475E-01  6.9750E-02  1.6360E-01  7.3350E-01  4.4276E-06
197610   6.0400E-03  1.3693E-01  1.4001E-01  3.2870E-01  1.4729E+00  4.4994E-06
197611   6.1372E-03  1.3914E-01  2.1084E-01  4.9490E-01  2.2184E+00  4.5719E-06
197612   6.2088E-03  1.4076E-01  2.6300E-01  6.1750E-01  2.7678E+00  4.6252E-06
197701   6.2352E-03  1.4136E-01  2.8224E-01  6.6240E-01  2.9698E+00  4.6449E-06
197702   6.2088E-03  1.4076E-01  2.6300E-01  6.1750E-01  2.7678E+00  4.6252E-06
197703   6.1372E-03  1.3914E-01  2.1084E-01  4.9490E-01  2.2184E+00  4.5719E-06
197704   6.0400E-03  1.3693E-01  1.4001E-01  3.2870E-01  1.4729E+00  4.4994E-06
197705   5.9435E-03  1.3475E-01  6.9750E-02  1.6360E-01  7.3350E-01  4.4276E-06
197706   5.8734E-03  1.3316E-01  1.8620E-02  4.3800E-02  1.9600E-01  4.3753E-06
197707   5.8478E-03  1.3258E-01  0.0000E+00  0.0000E+00  0.0000E+00  4.3563E-06
197708   5.8734E-03  1.3316E-01  1.8620E-02  4.3800E-02  1.9600E-01  4.3753E-06
197709   5.9435E-03  1.3475E-01  6.9750E-02  1.6360E-01  7.3350E-01  4.4276E-06
197710   6.0400E-03  1.3693E-01  1.4001E-01  3.2870E-01  1.4729E+00  4.4994E-06
197711   6.1372E-03  1.3914E-01  2.1084E-01  4.9490E-01  2.2184E+00  4.5719E-06
197712   6.2088E-03  1.4076E-01  2.6300E-01  6.1750E-01  2.7678E+00  4.6252E-06
197801   6.2352E-03  1.4136E-01  2.8224E-01  6.6240E-01  2.9698E+00  4.6449E-06
197802   6.2088E-03  1.4076E-01  2.6300E-01  6.1750E-01  2.7678E+00  4.6252E-06
197803   6.1372E-03  1.3914E-01  2.1084E-01  4.9490E-01  2.2184E+00  4.5719E-06
197804   6.0400E-03  1.3693E-01  1.4001E-01  3.2870E-01  1.4729E+00  4.4994E-06
197805   5.9435E-03  1.3475E-01  6.9750E-02  1.6360E-01  7.3350E-01  4.4276E-06
197806   5.8734E-03  1.3316E-01  1.8620E-02  4.3800E-02  1.9600E-01  4.3753E-06
197807   5.8478E-03  1.3258E-01  0.0000E+00  0.0000E+00  0.0000E+00  4.3563E-06
197808   5.8734E-03  1.3316E-01  1.8620E-02  4.3800E-02  1.9600E-01  4.3753E-06
197809   5.9435E-03  1.3475E-01  6.9750E-02  1.6360E-01  7.3350E-01  4.4276E-06
197810   6.0400E-03  1.3693E-01  1.4001E-01  3.2870E-01  1.4729E+00  4.4994E-06
197811   6.1372E-03  1.3914E-01  2.1084E-01  4.9490E-01  2.2184E+00  4.5719E-06
197812   6.2088E-03  1.4076E-01  2.6300E-01  6.1750E-01  2.7678E+00  4.6252E-06
197901   6.2352E-03  1.4136E-01  2.8224E-01  6.6240E-01  2.9698E+00  4.6449E-06
197902   6.2088E-03  1.4076E-01  2.6300E-01  6.1750E-01  2.7678E+00  4.6252E-06
197903   6.1372E-03  1.3914E-01  2.1084E-01  4.9490E-01  2.2184E+00  4.5719E-06
197904   6.0400E-03  1.3693E-01  1.4001E-01  3.2870E-01  1.4729E+00  4.4994E-06
197905   5.9435E-03  1.3475E-01  6.9750E-02  1.6360E-01  7.3350E-01  4.4276E-06
197906   5.8734E-03  1.3316E-01  1.8620E-02  4.3800E-02  1.9600E-01  4.3753E-06
197907   5.8478E-03  1.3258E-01  0.0000E+00  0.0000E+00  0.0000E+00  4.3563E-06
197908   5.8734E-03  1.3316E-01  1.8620E-02  4.3800E-02  1.9600E-01  4.3753E-06
197909   5.9435E-03  1.3475E-01  6.9750E-02  1.6360E-01  7.3350E-01  4.4276E-06
197910   6.0400E-03  1.3693E-01  1.4001E-01  3.2870E-01  1.4729E+00  4.4994E-06
197911   6.1372E-03  1.3914E-01  2.1084E-01  4.9490E-01  2.2184E+00  4.5719E-06
197912   6.2088E-03  1.4076E-01  2.6300E-01  6.1750E-01  2.7678E+00  4.6252E-06
198001   6.2352E-03  1.4136E-01  2.8224E-01  6.6240E-01  2.9698E+00  4.6449E-06
198002   6.2088E-03  1.4076E-01  2.6300E-01  6.1750E-01  2.7678E+00  4.6252E-06
198003   6.1372E-03  1.3914E-01  2.1084E-01  4.9490E-01  2.2184E+00  4.5719E-06
198004   6.0400E-03  1.3693E-01  1.4001E-01  3.2870E-01  1.4729E+00  4.4994E-06
198005   5.9435E-03  1.3475E-01  6.9750E-02  1.6360E-01  7.3350E-01  4.4276E-06
198006   5.8734E-03  1.3316E-01  1.8620E-02  4.3800E-02  1.9600E-01  4.3753E-06
198007   5.8478E-03  1.3258E-01  0.0000E+00  0.0000E+00  0.0000E+00  4.3563E-06
198008   5.8734E-03  1.3316E-01  1.8620E-02  4.3800E-02  1.9600E-01  4.3753E-06
198009   5.9435E-03  1.3475E-01  6.9750E-02  1.6360E-01  7.3350E-01  4.4276E-06
198010   6.0400E-03  1.3693E-01  1.4001E-01  3.2870E-01  1.4729E+00  4.4994E-06
198011   6.1372E-03  1.3914E-01  2.1084E-01  4.9490E-01  2.2184E+00  4.5719E-06
198012   6.2088E-03  1.4076E-01  2.6300E-01  6.1750E-01  2.7678E+00  4.6252E-06
198101   6.2352E-03  1.4136E-01  2.8224E-01  6.6240E-01  2.9698E+00  4.6449E-06
198102   6.2088E-03  1.4076E-01  2.6300E-01  6.1750E-01  2.7678E+00  4.6252E-06
198103   6.1372E-03  1.3914E-01  2.1084E-01  4.9490E-01  2.2184E+00  4.5719E-06
198104   6.0400E-03  1.3693E-01  1.4001E-01  3.2870E-01  1.4729E+00  4.4994E-06
198105   5.9435E-03  1.3475E-01  6.9750E-02  1.6360E-01  7.3350E-01  4.4276E-06
198106   5.8734E-03  1.3316E-01  1.8620E-02  4.3800E-02  1.9600E-01  4.3753E-06
198107   5.8478E-03  1.3258E-01  0.0000E+00  0.0000E+00  0.0000E+00  4.3563E-06
198108   5.8734E-03  1.3316E-01  1.8620E-02  4.3800E-02  1.9600E-01  4.3753E-06
198109   5.9435E-03  1.3475E-01  6.9750E-02  1.6360E-01  7.3350E-01  4.4276E-06
198110   6.0400E-03  1.3693E-01  1.4001E-01  3.2870E-01  1.4729E+00  4.4994E-06
198111   6.1372E-03  1.3914E-01  2.1084E-01  4.9490E-01  2.2184E+00  4.5719E-06
198112   6.2088E-03  1.4076E-01  2.6300E-01  6.1750E-01  2.7678E+00  4.6252E-06
198201   6.2352E-03  1.4136E-01  2.8224E-01  6.6240E-01  2.9698E+00  4.6449E-06
198202   6.2088E-03  1.4076E-01  2.6300E-01  6.1750E-01  2.7678E+00  4.6252E-06
198203   6.1372E-03  1.3914E-01  2.1084E-01  4.9490E-01  2.2184E+00  4.5719E-06
198204   6.0400E-03  1.3693E-01  1.4001E-01  3.2870E-01  1.4729E+00  4.4994E-06
198205   5.9435E-03  1.3475E-01  6.9750E-02  1.6360E-01  7.3350E-01  4.4276E-06
198206   5.8734E-03  1.3316E-01  1.8620E-02  4.3800E-02  1.9600E-01  4.3753E-06
198207   5.8478E-03  1.3258E-01  0.0000E+00  0.0000E+00  0.0000E+00  4.3563E-06
198208   5.8734E-03  1.3316E-01  1.8620E-02  4.3800E-02  1.9600E-01  4.3753E-06
198209   5.9435E-03  1.3475E-01  6.9750E-02  1.6360E-01  7.3350E-01  4.4276E-06
198210   6.0400E-03  1.3693E-01  1.4001E-01  3.2870E-01  1.4729E+00  4.4994E-06
198211   6.1372E-03  1.3914E-01  2.1084E-01  4.9490E-01  2.2184E+00  4.5719E-06
198212   6.2088E-03  1.4076E-01  2.6300E-01  6.1750E-01  2.7678E+00  4.6252E-06
198301   6.2352E-03  1.4136E-01  2.8224E-01  6.6240E-01  2.9698E+00  4.6449E-06
198302   6.2088E-03  1.4076E-01  2.6300E-01  6.1750E-01  2.7678E+00  4.6252E-06
198303   6.1372E-03  1.3914E-01  2.1084E-01  4.9490E-01  2.2184E+00  4.5719E-06
198304   6.0400E-03  1.3693E-01  1.4001E-01  3.2870E-01  1.4729E+00  4.4994E-06
198305   5.9435E-03  1.3475E-01  6.9750E-02  1.6360E-01  7.3350E-01  4.4276E-06
198306   5.8734E-03  1.3316E-01  1.8620E-02  4.3800E-02  1.9600E-01  4.3753E-06
198307   5.8478E-03  1.3258E-01  0.0000E+00  0.0000E+00  0.0000E+00  4.3563E-06
198308   5.8734E-03  1.3316E-01  1.8620E-02  4.3800E-02  1.9600E-01  4.3753E-06
198309   5.9435E-03  1.3475E-01  6.9750E-02  1.6360E-01  7.3350E-01  4.4276E-06
198310   6.0400E-03  1.3693E-01  1.4001E-01  3.2870E-01  1.4729E+00  4.4994E-06
198311   6.1372E-03  1.3914E-01  2.1084E-01  4.9490E-01  2.2184E+00  4.5719E-06
198312   6.2088E-03  1.4076E-01  2.6300E-01  6.1750E-01  2.7678E+00  4.6252E-06
198401   6.2352E-03  1.4136E-01  2.8224E-01  6.6240E-01  2.9698E+00  4.6449E-06
198402   6.2088E-03  1.4076E-01  2.6300E-01  6.1750E-01  2.7678E+00  4.6252E-06
198403   6.1372E-03  1.3914E-01  2.1084E-01  4.9490E-01  2.2184E+00  4.5719E-06
198404   6.0400E-03  1.3693E-01  1.4001E-01  3.2870E-01  1.4729E+00  4.4994E-06
198405   5.9435E-03  1.3475E-01  6.9750E-02  1.6360E-01  7.3350E-01  4.4276E-06
198406   5.8734E-03  1.3316E-01  1.8620E-02  4.3800E-02  1.9600E-01  4.3753E-06
198407   5.8478E-03  1.3258E-01  0.0000E+00  0.0000E+00  0.0000E+00  4.3563E-06
198408   5.8734E-03  1.3316E-01  1.8620E-02  4.3800E-02  1.9600E-01  4.3753E-06
198409   5.9435E-03  1.3475E-01  6.9750E-02  1.6360E-01  7.3350E-01  4.4276E-06
198410   6.0400E-03  1.3693E-01  1.4001E-01  3.2870E-01  1.4729E+00  4.4994E-06
198411   6.1372E-03  1.3914E-01  2.1084E-01  4.9490E-01  2.2184E+00  4.5719E-06
198412   6.2088E-03  1.4076E-01  2.6300E-01  6.1750E-01  2.7678E+00  4.6252E-06
198501   6.2352E-03  1.4136E-01  2.8224E-01  6.6240E-01  2.9698E+00  4.6449E-06
198502   6.2088E-03  1.4076E-01  2.6300E-01  6.1750E-01  2.7678E+00  4.6252E-06
198503   6.1372E-03  1.3914E-01  2.1084E-01  4.9490E-01  2.2184E+00  4.5719E-06
198504   6.0400E-03  1.3693E-01  1.4001E-01  3.2870E-01  1.4729E+00  4.4994E-06
198505   5.9435E-03  1.3475E-01  6.9750E-02  1.6360E-01  7.3350E-01  4.4276E-06
198506   5.8734E-03  1.3316E-01  1.8620E-02  4.3800E-02  1.9600E-01  4.3753E-06
198507   5.8478E-03  1.3258E-01  0.0000E+00  0.0000E+00  0.0000E+00  4.3563E-06
198508   5.8734E-03  1.3316E-01  1.8620E-02  4.3800E-02  1.9600E-01  4.3753E-06
198509   5.9435E-03  1.3475E-01  6.9750E-02  1.6360E-01  7.3350E-01  4.4276E-06
198510   6.0400E-03  1.3693E-01  1.4001E-01  3.2870E-01  1.4729E+00  4.4994E-06
198511   6.1372E-03  1.3914E-01  2.1084E-01  4.9490E-01  2.2184E+00  4.5719E-06
198512   6.2088E-03  1.4076E-01  2.6300E-01  6.1750E-01  2.7678E+00  4.6252E-06
198601   6.2352E-03  1.4136E-01  2.8224E-01  6.6240E-01  2.9698E+00  4.6449E-06
198602   6.2088E-03  1.4076E-01  2.6300E-01  6.1750E-01  2.7678E+00  4.6252E-06
198603   6.1372E-03  1.3914E-01  2.1084E-01  4.9490E-01  2.2184E+00  4.5719E-06
198604   6.0400E-03  1.3693E-01  1.4001E-01  3.2870E-01  1.4729E+00  4.4994E-06
198605   5.9435E-03  1.3475E-01  6.9750E-02  1.6360E-01  7.3350E-01  4.4276E-06
198606   5.8734E-03  1.3316E-01  1.8620E-02  4.3800E-02  1.9600E-01  4.3753E-06
198607   5.8478E-03  1.3258E-01  0.0000E+00  0.0000E+00  0.0000E+00  4.3563E-06
198608   5.8734E-03  1.3316E-01  1.8620E-02  4.3800E-02  1.9600E-01  4.3753E-06
198609   5.9435E-03  1.3475E-01  6.9750E-02  1.6360E-01  7.3350E-01  4.4276E-06
198610   6.0400E-03  1.3693E-01  1.4001E-01  3.2870E-01  1.4729E+00  4.4994E-06
198611   6.1372E-03  1.3914E-01  2.1084E-01  4.9490E-01  2.2184E+00  4.5719E-06
198612   6.2088E-03  1.4076E-01  2.6300E-01  6.1750E-01  2.7678E+00  4.6252E-06
198701   6.2352E-03  1.4136E-01  2.8224E-01  6.6240E-01  2.9698E+00  4.6449E-06
198702   6.2088E-03  1.4076E-01  2.6300E-01  6.1750E-01  2.7678E+00  4.6252E-06
198703   6.1372E-03  1.3914E-01  2.1084E-01  4.9490E-01  2.2184E+00  4.5719E-06
198704   6.0400E-03  1.3693E-01  1.4001E-01  3.2870E-01  1.4729E+00  4.4994E-06
198705   5.9435E-03  1.3475E-01  6.9750E-02  1.6360E-01  7.3350E-01  4.4276E-06
198706   5.8734E-03  1.3316E-01  1.8620E-02  4.3800E-02  1.9600E-01  4.3753E-06
198707   5.8478E-03  1.3258E-01  0.0000E+00  0.0000E+00  0.0000E+00  4.3563E-06
198708   5.8734E-03  1.3316E-01  1.8620E-02  4.3800E-02  1.9600E-01  4.3753E-06
198709   5.9435E-03  1.3475E-01  6.9750E-02  1.6360E-01  7.3350E-01  4.4276E-06
198710   6.0400E-03  1.3693E-01  1.4001E-01  3.2870E-01  1.4729E+00  4.4994E-06
198711   6.1372E-03  1.3914E-01  2.1084E-01  4.9490E-01  2.2184E+00  4.5719E-06
198712   6.2088E-03  1.4076E-01  2.6300E-01  6.1750E-01  2.7678E+00  4.6252E-06
198801   6.2352E-03  1.4136E-01  2.8224E-01  6.6240E-01  2.9698E+00  4.6449E-06
198802   6.2088E-03  1.4076E-01  2.6300E-01  6.1750E-01  2.7678E+00  4.6252E-06
198803   6.1372E-03  1.3914E-01  2.1084E-01  4.9490E-01  2.2184E+00  4.5719E-06
198804   6.0400E-03  1.3693E-01  1.4001E-01  3.2870E-01  1.4729E+00  4.4994E-06
198805   5.9435E-03  1.3475E-01  6.9750E-02  1.6360E-01  7.3350E-01  4.4276E-06
198806   5.8734E-03  1.3316E-01  1.8620E-02  4.3800E-02  1.9600E-01  4.3753E-06
198807   5.8478E-03  1.3258E-01  0.0000E+00  0.0000E+00  0.0000E+00  4.3563E-06
198808   5.8734E-03  1.3316E-01  1.8620E-02  4.3800E-02  1.9600E-01  4.3753E-06
198809   5.9435E-03  1.3475E-01  6.9750E-02  1.6360E-01  7.3350E-01  4.4276E-06
198810   6.0400E-03  1.3693E-01  1.4001E-01  3.2870E-01  1.4729E+00  4.4994E-06
198811   6.1372E-03  1.3914E-01  2.1084E-01  4.9490E-01  2.2184E+00  4.5719E-06
198812   6.2088E-03  1.4076E-01  2.6300E-01  6.1750E-01  2.7678E+00  4.6252E-06
198901   6.2352E-03  1.4136E-01  2.8224E-01  6.6240E-01  2.9698E+00  4.6449E-06
198902   6.2088E-03  1.4076E-01  2.6300E-01  6.1750E-01  2.7678E+00  4.6252E-06
198903   6.1372E-03  1.3914E-01  2.1084E-01  4.9490E-01  2.2184E+00  4.5719E-06
198904   6.0400E-03  1.3693E-01  1.4001E-01  3.2870E-01  1.4729E+00  4.4994E-06
198905   5.9435E-03  1.3475E-01  6.9750E-02  1.6360E-01  7.3350E-01  4.4276E-06
198906   5.8734E-03  1.3316E-01  1.8620E-02  4.3800E-02  1.9600E-01  4.3753E-06
198907   5.8478E-03  1.3258E-01  0.0000E+00  0.0000E+00  0.0000E+00  4.3563E-06
198908   5.8734E-03  1.3316E-01  1.8620E-02  4.3800E-02  1.9600E-01  4.3753E-06
198909   5.9435E-03  1.3475E-01  6.9750E-02  1.6360E-01  7.3350E-01  4.4276E-06
198910   6.0400E-03  1.3693E-01  1.4001E-01  3.2870E-01  1.4729E+00  4.4994E-06
198911   6.1372E-03  1.3914E-01  2.1084E-01  4.9490E-01  2.2184E+00  4.5719E-06
198912   6.2088E-03  1.4076E-01  2.6300E-01  6.1750E-01  2.7678E+00  4.6252E-06
199001   6.2352E-03  1.4136E-01  2.8224E-01  6.6240E-01  2.9698E+00  4.6449E-06
199002   6.2088E-03  1.4076E-01  2.6300E-01  6.1750E-01  2.7678E+00  4.6252E-06
199003   6.1372E-03  1.3914E-01  2.1084E-01  4.9490E-01  2.2184E+00  4.5719E-06
199004   6.0400E-03  1.3693E-01  1.4001E-01  3.2870E-01  1.4729E+00  4.4994E-06
199005   5.9435E-03  1.3475E-01  6.9750E-02  1.6360E-01  7.3350E-01  4.4276E-06
199006   5.8734E-03  1.3316E-01  1.8620E-02  4.3800E-02  1.9600E-01  4.3753E-06
199007   5.8478E-03  1.3258E-01  0.0000E+00  0.0000E+00  0.0000E+00  4.3563E-06
199008   5.8734E-03  1.3316E-01  1.8620E-02  4.3800E-02  1.9600E-01  4.3753E-06
199009   5.9435E-03  1.3475E-01  6.9750E-02  1.6360E-01  7.3350E-01  4.4276E-06
199010   6.0400E-03  1.3693E-01  1.4001E-01  3.2870E-01  1.4729E+00  4.4994E-06
199011   6.1372E-03  1.3914E-01  2.1084E-01  4.9490E-01  2.2184E+00  4.5719E-06
199012   6.2088E-03  1.4076E-01  2.6300E-01  6.1750E-01  2.7678E+00  4.6252E-06
199101   6.2352E-03  1.4136E-01  2.8224E-01  6.6240E-01  2.9698E+00  4.6449E-06
199102   6.2088E-03  1.4076E-01  2.6300E-01  6.1750E-01  2.7678E+00  4.6252E-06
199103   6.1372E-03  1.3914E-01  2.1084E-01  4.9490E-01  2.2184E+00  4.5719E-06
199104   6.0400E-03  1.3693E-01  1.4001E-01  3.2870E-01  1.4729E+00  4.4994E-06
199105   5.9435E-03  1.3475E-01  6.9750E-02  1.6360E-01  7.3350E-01  4.4276E-06
199106   5.8734E-03  1.3316E-01  1.8620E-02  4.3800E-02  1.9600E-01  4.3753E-06
199107   5.8478E-03  1.3258E-01  0.0000E+00  0.0000E+00  0.0000E+00  4.3563E-06
199108   5.8734E-03  1.3316E-01  1.8620E-02  4.3800E-02  1.9600E-01  4.3753E-06
199109   5.9435E-03  1.3475E-01  6.9750E-02  1.6360E-01  7.3350E-01  4.4276E-06
199110   6.0400E-03  1.3693E-01  1.4001E-01  3.2870E-01  1.4729E+00  4.4994E-06
199111   6.1372E-03  1.3914E-01  2.1084E-01  4.9490E-01  2.2184E+00  4.5719E-06
199112   6.2088E-03  1.4076E-01  2.6300E-01  6.1750E-01  2.7678E+00  4.6252E-06
199201   6.2352E-03  1.4136E-01  2.8224E-01  6.6240E-01  2.9698E+00  4.6449E-06
199202   6.2088E-03  1.4076E-01  2.6300E-01  6.1750E-01  2.7678E+00  4.6252E-06
199203   6.1372E-03  1.3914E-01  2.1084E-01  4.9490E-01  2.2184E+00  4.5719E-06
199204   6.0400E-03  1.3693E-01  1.4001E-01  3.2870E-01  1.4729E+00  4.4994E-06
199205   5.9435E-03  1.3475E-01  6.9750E-02  1.6360E-01  7.3350E-01  4.4276E-06
199206   5.8734E-03  1.3316E-01  1.8620E-02  4.3800E-02  1.9600E-01  4.3753E-06
199207   5.8478E-03  1.3258E-01  0.0000E+00  0.0000E+00  0.0000E+00  4.3563E-06
199208   5.8734E-03  1.3316E-01  1.8620E-02  4.3800E-02  1.9600E-01  4.3753E-06
199209   5.9435E-03  1.3475E-01  6.9750E-02  1.6360E-01  7.3350E-01  4.4276E-06
199210   6.0400E-03  1.3693E-01  1.4001E-01  3.2870E-01  1.4729E+00  4.4994E-06
199211   6.1372E-03  1.3914E-01  2.1084E-01  4.9490E-01  2.2184E+00  4.5719E-06
199212   6.2088E-03  1.4076E-01  2.6300E-01  6.1750E-01  2.7678E+00  4.6252E-06
199301   6.2352E-03  1.4136E-01  2.8224E-01  6.6240E-01  2.9698E+00  4.6449E-06
199302   6.2088E-03  1.4076E-01  2.6300E-01  6.1750E-01  2.7678E+00  4.6252E-06
199303   6.1372E-03  1.3914E-01  2.1084E-01  4.9490E-01  2.2184E+00  4.5719E-06
199304   6.0400E-03  1.3693E-01  1.4001E-01  3.2870E-01  1.4729E+00  4.4994E-06
199305   5.9435E-03  1.3475E-01  6.9750E-02  1.6360E-01  7.3350E-01  4.4276E-06
199306   5.8734E-03  1.3316E-01  1.8620E-02  4.3800E-02  1.9600E-01  4.3753E-06
199307   5.8478E-03  1.3258E-01  0.0000E+00  0.0000E+00  0.0000E+00  4.3563E-06
199308   5.8734E-03  1.3316E-01  1.8620E-02  4.3800E-02  1.9600E-01  4.3753E-06
199309   5.9435E-03  1.3475E-01  6.9750E-02  1.6360E-01  7.3350E-01  4.4276E-06
199310   6.0400E-03  1.3693E-01  1.4001E-01  3.2870E-01  1.4729E+00  4.4994E-06
199311   6.1372E-03  1.3914E-01  2.1084E-01  4.9490E-01  2.2184E+00  4.5719E-06
199312   6.2088E-03  1.4076E-01  2.6300E-01  6.1750E-01  2.7678E+00  4.6252E-06
199401   6.2352E-03  1.4136E-01  2.8224E-01  6.6240E-01  2.9698E+00  4.6449E-06
199402   6.2088E-03  1.4076E-01  2.6300E-01  6.1750E-01  2.7678E+00  4.6252E-06
199403   6.1372E-03  1.3914E-01  2.1084E-01  4.9490E-01  2.2184E+00  4.5719E-06
199404   6.0400E-03  1.3693E-01  1.4001E-01  3.2870E-01  1.4729E+00  4.4994E-06
199405   5.9435E-03  1.3475E-01  6.9750E-02  1.6360E-01  7.3350E-01  4.4276E-06
199406   5.8734E-03  1.3316E-01  1.8620E-02  4.3800E-02  1.9600E-01  4.3753E-06
199407   5.8478E-03  1.3258E-01  0.0000E+00  0.0000E+00  0.0000E+00  4.3563E-06
199408   5.8734E-03  1.3316E-01  1.8620E-02  4.3800E-02  1.9600E-01  4.3753E-06
199409   5.9435E-03  1.3475E-01  6.9750E-02  1.6360E-01  7.3350E-01  4.4276E-06
199410   6.0400E-03  1.3693E-01  1.4001E-01  3.2870E-01  1.4729E+00  4.4994E-06
199411   6.1372E-03  1.3914E-01  2.1084E-01  4.9490E-01  2.2184E+00  4.5719E-06
199412   6.2088E-03  1.4076E-01  2.6300E-01  6.1750E-01  2.7678E+00  4.6252E-06
199501   6.2352E-03  1.4136E-01  2.8224E-01  6.6240E-01  2.9698E+00  4.6449E-06
199502   6.2088E-03  1.4076E-01  2.6300E-01  6.1750E-01  2.7678E+00  4.6252E-06
199503   6.1372E-03  1.3914E-01  2.1084E-01  4.9490E-01  2.2184E+00  4.5719E-06
199504   6.0400E-03  1.3693E-01  1.4001E-01  3.2870E-01  1.4729E+00  4.4994E-06
199505   5.9435E-03  1.3475E-01  6.9750E-02  1.6360E-01  7.3350E-01  4.4276E-06
199506   5.8734E-03  1.3316E-01  1.8620E-02  4.3800E-02  1.9600E-01  4.3753E-06
199507   5.8478E-03  1.3258E-01  0.0000E+00  0.0000E+00  0.0000E+00  4.3563E-06
199508   5.8734E-03  1.3316E-01  1.8620E-02  4.3800E-02  1.9600E-01  4.3753E-06
199509   5.9435E-03  1.3475E-01  6.9750E-02  1.6360E-01  7.3350E-01  4.4276E-06
199510   6.0400E-03  1.3693E-01  1.4001E-01  3.2870E-01  1.4729E+00  4.4994E-06
199511   6.1372E-03  1.3914E-01  2.1084E-01  4.9490E-01  2.2184E+00  4.5719E-06
199512   6.2088E-03  1.4076E-01  2.6300E-01  6.1750E-01  2.7678E+00  4.6252E-06
199601   6.2352E-03  1.4136E-01  2.8224E-01  6.6240E-01  2.9698E+00  4.6449E-06
199602   6.2088E-03  1.4076E-01  2.6300E-01  6.1750E-01  2.7678E+00  4.6252E-06
199603   6.1372E-03  1.3914E-01  2.1084E-01  4.9490E-01  2.2184E+00  4.5719E-06
199604   6.0400E-03  1.3693E-01  1.4001E-01  3.2870E-01  1.4729E+00  4.4994E-06
199605   5.9435E-03  1.3475E-01  6.9750E-02  1.6360E-01  7.3350E-01  4.4276E-06
199606   5.8734E-03  1.3316E-01  1.8620E-02  4.3800E-02  1.9600E-01  4.3753E-06
199607   5.8478E-03  1.3258E-01  0.0000E+00  0.0000E+00  0.0000E+00  4.3563E-06
199608   5.8734E-03  1.3316E-01  1.8620E-02  4.3800E-02  1.9600E-01  4.3753E-06
199609   5.9435E-03  1.3475E-01  6.9750E-02  1.6360E-01  7.3350E-01  4.4276E-06
199610   6.0400E-03  1.3693E-01  1.4001E-01  3.2870E-01  1.4729E+00  4.4994E-06
199611   6.1372E-03  1.3914E-01  2.1084E-01  4.9490E-01  2.2184E+00  4.5719E-06
199612   6.2088E-03  1.4076E-01  2.6300E-01  6.1750E-01  2.7678E+00  4.6252E-06
199701   6.2352E-03  1.4136E-01  2.8224E-01  6.6240E-01  2.9698E+00  4.6449E-06
199702   6.2088E-03  1.4076E-01  2.6300E-01  6.1750E-01  2.7678E+00  4.6252E-06
199703   6.1372E-03  1.3914E-01  2.1084E-01  4.9490E-01  2.2184E+00  4.5719E-06
199704   6.0400E-03  1.3693E-01  1.4001E-01  3.2870E-01  1.4729E+00  4.4994E-06
199705   5.9435E-03  1.3475E-01  6.9750E-02  1.6360E-01  7.3350E-01  4.4276E-06
199706   5.8734E-03  1.3316E-01  1.8620E-02  4.3800E-02  1.9600E-01  4.3753E-06
199707   5.8478E-03  1.3258E-01  0.0000E+00  0.0000E+00  0.0000E+00  4.3563E-06
199708   5.8734E-03  1.3316E-01  1.8620E-02  4.3800E-02  1.9600E-01  4.3753E-06
199709   5.9435E-03  1.3475E-01  6.9750E-02  1.6360E-01  7.3350E-01  4.4276E-06
199710   6.0400E-03  1.3693E-01  1.4001E-01  3.2870E-01  1.4729E+00  4.4994E-06
199711   6.1372E-03  1.3914E-01  2.1084E-01  4.9490E-01  2.2184E+00  4.5719E-06
199712   6.2088E-03  1.4076E-01  2.6300E-01  6.1750E-01  2.7678E+00  4.6252E-06
199801   6.2352E-03  1.4136E-01  2.8224E-01  6.6240E-01  2.9698E+00  4.6449E-06
199802   6.2088E-03  1.4076E-01  2.6300E-01  6.1750E-01  2.7678E+00  4.6252E-06
199803   6.1372E-03  1.3914E-01  2.1084E-01  4.9490E-01  2.2184E+00  4.5719E-06
199804   6.0400E-03  1.3693E-01  1.4001E-01  3.2870E-01  1.4729E+00  4.4994E-06
199805   5.9435E-03  1.3475E-01  6.9750E-02  1.6360E-01  7.3350E-01  4.4276E-06
199806   5.8734E-03  1.3316E-01  1.8620E-02  4.3800E-02  1.9600E-01  4.3753E-06
199807   5.8478E-03  1.3258E-01  0.0000E+00  0.0000E+00  0.0000E+00  4.3563E-06
199808   5.8734E-03  1.3316E-01  1.8620E-02  4.3800E-02  1.9600E-01  4.3753E-06
199809   5.9435E-03  1.3475E-01  6.9750E-02  1.6360E-01  7.3350E-01  4.4276E-06
199810   6.0400E-03  1.3693E-01  1.4001E-01  3.2870E-01  1.4729E+00  4.4994E-06
199811   6.1372E-03  1.3914E-01  2.1084E-01  4.9490E-01  2.2184E+00  4.5719E-06
199812   6.2088E-03  1.4076E-01  2.6300E-01  6.1750E-01  2.7678E+00  4.6252E-06
199901   6.2352E-03  1.4136E-01  2.8224E-01  6.6240E-01  2.9698E+00  4.6449E-06
199902   6.2088E-03  1.4076E-01  2.6300E-01  6.1750E-01  2.7678E+00  4.6252E-06
199903   6.1372E-03  1.3914E-01  2.1084E-01  4.9490E-01  2.2184E+00  4.5719E-06
199904   6.0400E-03  1.3693E-01  1.4001E-01  3.2870E-01  1.4729E+00  4.4994E-06
199905   5.9435E-03  1.3475E-01  6.9750E-02  1.6360E-01  7.3350E-01  4.4276E-06
199906   5.8734E-03  1.3316E-01  1.8620E-02  4.3800E-02  1.9600E-01  4.3753E-06
199907   5.8478E-03  1.3258E-01  0.0000E+00  0.0000E+00  0.0000E+00  4.3563E-06
199908   5.8734E-03  1.3316E-01  1.8620E-02  4.3800E-02  1.9600E-01  4.3753E-06
199909   5.9435E-03  1.3475E-01  6.9750E-02  1.6360E-01  7.3350E-01  4.4276E-06
199910   6.0400E-03  1.3693E-01  1.4001E-01  3.2870E-01  1.4729E+00  4.4994E-06
199911   6.1372E-03  1.3914E-01  2.1084E-01  4.9490E-01  2.2184E+00  4.5719E-06
199912   6.2088E-03  1.4076E-01  2.6300E-01  6.1750E-01  2.7678E+00  4.6252E-06
200001   6.2352E-03  1.4136E-01  2.8224E-01  6.6240E-01  2.9698E+00  4.6449E-06
200002   6.2088E-03  1.4076E-01  2.6300E-01  6.1750E-01  2.7678E+00  4.6252E-06
200003   6.1372E-03  1.3914E-01  2.1084E-01  4.9490E-01  2.2184E+00  4.5719E-06
200004   6.0400E-03  1.3693E-01  1.4001E-01  3.2870E-01  1.4729E+00  4.4994E-06
200005   5.9435E-03  1.3475E-01  6.9750E-02  1.6360E-01  7.3350E-01  4.4276E-06
200006   5.8734E-03  1.3316E-01  1.8620E-02  4.3800E-02  1.9600E-01  4.3753E-06
200007   5.8478E-03  1.3258E-01  0.0000E+00  0.0000E+00  0.0000E+00  4.3563E-06
200008   5.8734E-03  1.3316E-01  1.8620E-02  4.3800E-02  1.9600E-01  4.3753E-06
200009   5.9435E-03  1.3475E-01  6.9750E-02  1.6360E-01  7.3350E-01  4.4276E-06
200010   6.0400E-03  1.3693E-01  1.4001E-01  3.2870E-01  1.4729E+00  4.4994E-06
200011   6.1372E-03  1.3914E-01  2.1084E-01  4.9490E-01  2.2184E+00  4.5719E-06
200012   6.2088E-03  1.4076E-01  2.6300E-01  6.1750E-01  2.7678E+00  4.6252E-06
200101   6.2352E-03  1.4136E-01  2.8224E-01  6.6240E-01  2.9698E+00  4.6449E-06
200102   6.2088E-03  1.4076E-01  2.6300E-01  6.1750E-01  2.7678E+00  4.6252E-06
200103   6.1372E-03  1.3914E-01  2.1084E-01  4.9490E-01  2.2184E+00  4.5719E-06
200104   6.0400E-03  1.3693E-01  1.4001E-01  3.2870E-01  1.4729E+00  4.4994E-06
200105   5.9435E-03  1.3475E-01  6.9750E-02  1.6360E-01  7.3350E-01  4.4276E-06
200106   5.8734E-03  1.3316E-01  1.8620E-02  4.3800E-02  1.9600E-01  4.3753E-06
200107   5.8478E-03  1.3258E-01  0.0000E+00  0.0000E+00  0.0000E+00  4.3563E-06
200108   5.8734E-03  1.3316E-01  1.8620E-02  4.3800E-02  1.9600E-01  4.3753E-06
200109   5.9435E-03  1.3475E-01  6.9750E-02  1.6360E-01  7.3350E-01  4.4276E-06
200110   6.0400E-03  1.3693E-01  1.4001E-01  3.2870E-01  1.4729E+00  4.4994E-06
200111   6.1372E-03  1.3914E-01  2.1084E-01  4.9490E-01  2.2184E+00  4.5719E-06
200112   6.2088E-03  1.4076E-01  2.6300E-01  6.1750E-01  2.7678E+00  4.6252E-06
200201   6.2352E-03  1.4136E-01  2.8224E-01  6.6240E-01  2.9698E+00  4.6449E-06
200202   6.2088E-03  1.4076E-01  2.6300E-01  6.1750E-01  2.7678E+00  4.6252E-06
200203   6.1372E-03  1.3914E-01  2.1084E-01  4.9490E-01  2.2184E+00  4.5719E-06
200204   6.0400E-03  1.3693E-01  1.4001E-01  3.2870E-01  1.4729E+00  4.4994E-06
200205   5.9435E-03  1.3475E-01  6.9750E-02  1.6360E-01  7.3350E-01  4.4276E-06
200206   5.8734E-03  1.3316E-01  1.8620E-02  4.3800E-02  1.9600E-01  4.3753E-06
200207   5.8478E-03  1.3258E-01  0.0000E+00  0.0000E+00  0.0000E+00  4.3563E-06
200208   5.8734E-03  1.3316E-01  1.8620E-02  4.3800E-02  1.9600E-01  4.3753E-06
200209   5.9435E-03  1.3475E-01  6.9750E-02  1.6360E-01  7.3350E-01  4.4276E-06
200210   6.0400E-03  1.3693E-01  1.4001E-01  3.2870E-01  1.4729E+00  4.4994E-06
200211   6.1372E-03  1.3914E-01  2.1084E-01  4.9490E-01  2.2184E+00  4.5719E-06
200212   6.2088E-03  1.4076E-01  2.6300E-01  6.1750E-01  2.7678E+00  4.6252E-06
200301   6.2352E-03  1.4136E-01  2.8224E-01  6.6240E-01  2.9698E+00  4.6449E-06
200302   6.2088E-03  1.4076E-01  2.6300E-01  6.1750E-01  2.7678E+00  4.6252E-06
200303   6.1372E-03  1.3914E-01  2.1084E-01  4.9490E-01  2.2184E+00  4.5719E-06
200304   6.0400E-03  1.3693E-01  1.4001E-01  3.2870E-01  1.4729E+00  4.4994E-06
200305   5.9435E-03  1.3475E-01  6.9750E-02  1.6360E-01  7.3350E-01  4.4276E-06
200306   5.8734E-03  1.3316E-01  1.8620E-02  4.3800E-02  1.9600E-01  4.3753E-06
200307   5.8478E-03  1.3258E-01  0.0000E+00  0.0000E+00  0.0000E+00  4.3563E-06
200308   5.8734E-03  1.3316E-01  1.8620E-02  4.3800E-02  1.9600E-01  4.3753E-06
200309   5.9435E-03  1.3475E-01  6.9750E-02  1.6360E-01  7.3350E-01  4.4276E-06
200310   6.0400E-03  1.3693E-01  1.4001E-01  3.2870E-01  1.4729E+00  4.4994E-06
200311   6.1372E-03  1.3914E-01  2.1084E-01  4.9490E-01  2.2184E+00  4.5719E-06
200312   6.2088E-03  1.4076E-01  2.6300E-01  6.1750E-01  2.7678E+00  4.6252E-06
200401   6.2352E-03  1.4136E-01  2.8224E-01  6.6240E-01  2.9698E+00  4.6449E-06
200402   6.2088E-03  1.4076E-01  2.6300E-01  6.1750E-01  2.7678E+00  4.6252E-06
200403   6.1372E-03  1.3914E-01  2.1084E-01  4.9490E-01  2.2184E+00  4.5719E-06
200404   6.0400E-03  1.3693E-01  1.4001E-01  3.2870E-01  1.4729E+00  4.4994E-06
200405   5.9435E-03  1.3475E-01  6.9750E-02  1.6360E-01  7.3350E-01  4.4276E-06
200406   5.8734E-03  1.3316E-01  1.8620E-02  4.3800E-02  1.9600E-01  4.3753E-06
200407   5.8478E-03  1.3258E-01  0.0000E+00  0.0000E+00  0.0000E+00  4.3563E-06
200408   5.8734E-03  1.3316E-01  1.8620E-02  4.3800E-02  1.9600E-01  4.3753E-06
200409   5.9435E-03  1.3475E-01  6.9750E-02  1.6360E-01  7.3350E-01  4.4276E-06
200410   6.0400E-03  1.3693E-01  1.4001E-01  3.2870E-01  1.4729E+00  4.4994E-06
200411   6.1372E-03  1.3914E-01  2.1084E-01  4.9490E-01  2.2184E+00  4.5719E-06
200412   6.2088E-03  1.4076E-01  2.6300E-01  6.1750E-01  2.7678E+00  4.6252E-06
200501   6.2352E-03  1.4136E-01  2.8224E-01  6.6240E-01  2.9698E+00  4.6449E-06
200502   6.2088E-03  1.4076E-01  2.6300E-01  6.1750E-01  2.7678E+00  4.6252E-06
200503   6.1372E-03  1.3914E-01  2.1084E-01  4.9490E-01  2.2184E+00  4.5719E-06
200504   6.0400E-03  1.3693E-01  1.4001E-01  3.2870E-01  1.4729E+00  4.4994E-06
200505   5.9435E-03  1.3475E-01  6.9750E-02  1.6360E-01  7.3350E-01  4.4276E-06
200506   5.8734E-03  1.3316E-01  1.8620E-02  4.3800E-02  1.9600E-01  4.3753E-06
200507   5.8478E-03  1.3258E-01  0.0000E+00  0.0000E+00  0.0000E+00  4.3563E-06
200508   5.8734E-03  1.3316E-01  1.8620E-02  4.3800E-02  1.9600E-01  4.3753E-06
200509   5.9435E-03  1.3475E-01  6.9750E-02  1.6360E-01  7.3350E-01  4.4276E-06
200510   6.0400E-03  1.3693E-01  1.4001E-01  3.2870E-01  1.4729E+00  4.4994E-06
200511   6.1372E-03  1.3914E-01  2.1084E-01  4.9490E-01  2.2184E+00  4.5719E-06
200512   6.2088E-03  1.4076E-01  2.6300E-01  6.1750E-01  2.7678E+00  4.6252E-06
200601   6.2352E-03  1.4136E-01  2.8224E-01  6.6240E-01  2.9698E+00  4.6449E-06
200602   6.2088E-03  1.4076E-01  2.6300E-01  6.1750E-01  2.7678E+00  4.6252E-06
200603   6.1372E-03  1.3914E-01  2.1084E-01  4.9490E-01  2.2184E+00  4.5719E-06
200604   6.0400E-03  1.3693E-01  1.4001E-01  3.2870E-01  1.4729E+00  4.4994E-06
200605   5.9435E-03  1.3475E-01  6.9750E-02  1.6360E-01  7.3350E-01  4.4276E-06
200606   5.8734E-03  1.3316E-01  1.8620E-02  4.3800E-02  1.9600E-01  4.3753E-06
200607   5.8478E-03  1.3258E-01  0.0000E+00  0.0000E+00  0.0000E+00  4.3563E-06
200608   5.8734E-03  1.3316E-01  1.8620E-02  4.3800E-02  1.9600E-01  4.3753E-06
200609   5.9435E-03  1.3475E-01  6.9750E-02  1.6360E-01  7.3350E-01  4.4276E-06
200610   6.0400E-03  1.3693E-01  1.4001E-01  3.2870E-01  1.4729E+00  4.4994E-06
200611   6.1372E-03  1.3914E-01  2.1084E-01  4.9490E-01  2.2184E+00  4.5719E-06
200612   6.2088E-03  1.4076E-01  2.6300E-01  6.1750E-01  2.7678E+00  4.6252E-06
200701   6.2352E-03  1.4136E-01  2.8224E-01  6.6240E-01  2.9698E+00  4.6449E-06
200702   6.2088E-03  1.4076E-01  2.6300E-01  6.1750E-01  2.7678E+00  4.6252E-06
200703   6.1372E-03  1.3914E-01  2.1084E-01  4.9490E-01  2.2184E+00  4.5719E-06
200704   6.0400E-03  1.3693E-01  1.4001E-01  3.2870E-01  1.4729E+00  4.4994E-06
200705   5.9435E-03  1.3475E-01  6.9750E-02  1.6360E-01  7.3350E-01  4.4276E-06
200706   5.8734E-03  1.3316E-01  1.8620E-02  4.3800E-02  1.9600E-01  4.3753E-06
200707   5.8478E-03  1.3258E-01  0.0000E+00  0.0000E+00  0.0000E+00  4.3563E-06
200708   5.8734E-03  1.3316E-01  1.8620E-02  4.3800E-02  1.9600E-01  4.3753E-06
200709   5.9435E-03  1.3475E-01  6.9750E-02  1.6360E-01  7.3350E-01  4.4276E-06
200710   6.0400E-03  1.3693E-01  1.4001E-01  3.2870E-01  1.4729E+00  4.4994E-06
200711   6.1372E-03  1.3914E-01  2.1084E-01  4.9490E-01  2.2184E+00  4.5719E-06
200712   6.2088E-03  1.4076E-01  2.6300E-01  6.1750E-01  2.7678E+00  4.6252E-06
200801   6.2352E-03  1.4136E-01  2.8224E-01  6.6240E-01  2.9698E+00  4.6449E-06
200802   6.2088E-03  1.4076E-01  2.6300E-01  6.1750E-01  2.7678E+00  4.6252E-06
200803   6.1372E-03  1.3914E-01  2.1084E-01  4.9490E-01  2.2184E+00  4.5719E-06
200804   6.0400E-03  1.3693E-01  1.4001E-01  3.2870E-01  1.4729E+00  4.4994E-06
200805   5.9435E-03  1.3475E-01  6.9750E-02  1.6360E-01  7.3350E-01  4.4276E-06
200806   5.8734E-03  1.3316E-01  1.8620E-02  4.3800E-02  1.9600E-01  4.3753E-06
200807   5.8478E-03  1.3258E-01  0.0000E+00  0.0000E+00  0.0000E+00  4.3563E-06
200808   5.8734E-03  1.3316E-01  1.8620E-02  4.3800E-02  1.9600E-01  4.3753E-06
200809   5.9435E-03  1.3475E-01  6.9750E-02  1.6360E-01  7.3350E-01  4.4276E-06
200810   6.0400E-03  1.3693E-01  1.4001E-01  3.2870E-01  1.4729E+00  4.4994E-06
200811   6.1372E-03  1.3914E-01  2.1084E-01  4.9490E-01  2.2184E+00  4.5719E-06
200812   6.2088E-03  1.4076E-01  2.6300E-01  6.1750E-01  2.7678E+00  4.6252E-06
200901   6.2352E-03  1.4136E-01  2.8224E-01  6.6240E-01  2.9698E+00  4.6449E-06
200902   6.2088E-03  1.4076E-01  2.6300E-01  6.1750E-01  2.7678E+00  4.6252E-06
200903   6.1372E-03  1.3914E-01  2.1084E-01  4.9490E-01  2.2184E+00  4.5719E-06
200904   6.0400E-03  1.3693E-01  1.4001E-01  3.2870E-01  1.4729E+00  4.4994E-06
200905   5.9435E-03  1.3475E-01  6.9750E-02  1.6360E-01  7.3350E-01  4.4276E-06
200906   5.8734E-03  1.3316E-01  1.8620E-02  4.3800E-02  1.9600E-01  4.3753E-06
200907   5.8478E-03  1.3258E-01  0.0000E+00  0.0000E+00  0.0000E+00  4.3563E-06
200908   5.8734E-03  1.3316E-01  1.8620E-02  4.3800E-02  1.9600E-01  4.3753E-06
200909   5.9435E-03  1.3475E-01  6.9750E-02  1.6360E-01  7.3350E-01  4.4276E-06
200910   6.0400E-03  1.3693E-01  1.4001E-01  3.2870E-01  1.4729E+00  4.4994E-06
200911   6.1372E-03  1.3914E-01  2.1084E-01  4.9490E-01  2.2184E+00  4.5719E-06
200912   6.2088E-03  1.4076E-01  2.6300E-01  6.1750E-01  2.7678E+00  4.6252E-06
201001   6.2352E-03  1.4136E-01  2.8224E-01  6.6240E-01  2.9698E+00  4.6449E-06
201002   6.2088E-03  1.4076E-01  2.6300E-01  6.1750E-01  2.7678E+00  4.6252E-06
201003   6.1372E-03  1.3914E-01  2.1084E-01  4.9490E-01  2.2184E+00  4.5719E-06
201004   6.0400E-03  1.3693E-01  1.4001E-01  3.2870E-01  1.4729E+00  4.4994E-06
201005   5.9435E-03  1.3475E-01  6.9750E-02  1.6360E-01  7.3350E-01  4.4276E-06
201006   5.8734E-03  1.3316E-01  1.8620E-02  4.3800E-02  1.9600E-01  4.3753E-06
201007   5.8478E-03  1.3258E-01  0.0000E+00  0.0000E+00  0.0000E+00  4.3563E-06
201008   5.8734E-03  1.3316E-01  1.8620E-02  4.3800E-02  1.9600E-01  4.3753E-06
201009   5.9435E-03  1.3475E-01  6.9750E-02  1.6360E-01  7.3350E-01  4.4276E-06
201010   6.0400E-03  1.3693E-01  1.4001E-01  3.2870E-01  1.4729E+00  4.4994E-06
201011   6.1372E-03  1.3914E-01  2.1084E-01  4.9490E-01  2.2184E+00  4.5719E-06
201012   6.2088E-03  1.4076E-01  2.6300E-01  6.1750E-01  2.7678E+00  4.6252E-06
201101   6.2352E-03  1.4136E-01  2.8224E-01  6.6240E-01  2.9698E+00  4.6449E-06
201102   6.2088E-03  1.4076E-01  2.6300E-01  6.1750E-01  2.7678E+00  4.6252E-06
201103   6.1372E-03  1.3914E-01  2.1084E-01  4.9490E-01  2.2184E+00  4.5719E-06
201104   6.0400E-03  1.3693E-01  1.4001E-01  3.2870E-01  1.4729E+00  4.4994E-06
201105   5.9435E-03  1.3475E-01  6.9750E-02  1.6360E-01  7.3350E-01  4.4276E-06
201106   5.8734E-03  1.3316E-01  1.8620E-02  4.3800E-02  1.9600E-01  4.3753E-06
201107   5.8478E-03  1.3258E-01  0.0000E+00  0.0000E+00  0.0000E+00  4.3563E-06
201108   5.8734E-03  1.3316E-01  1.8620E-02  4.3800E-02  1.9600E-01  4.3753E-06
201109   5.9435E-03  1.3475E-01  6.9750E-02  1.6360E-01  7.3350E-01  4.4276E-06
201110   6.0400E-03  1.3693E-01  1.4001E-01  3.2870E-01  1.4729E+00  4.4994E-06
201111   6.1372E-03  1.3914E-01  2.1084E-01  4.9490E-01  2.2184E+00  4.5719E-06
201112   6.2088E-03  1.4076E-01  2.6300E-01  6.1750E-01  2.7678E+00  4.6252E-06
201201   6.2352E-03  1.4136E-01  2.8224E-01  6.6240E-01  2.9698E+00  4.6449E-06
201202   6.2088E-03  1.4076E-01  2.6300E-01  6.1750E-01  2.7678E+00  4.6252E-06
201203   6.1372E-03  1.3914E-01  2.1084E-01  4.9490E-01  2.2184E+00  4.5719E-06
201204   6.0400E-03  1.3693E-01  1.4001E-01  3.2870E-01  1.4729E+00  4.4994E-06
201205   5.9435E-03  1.3475E-01  6.9750E-02  1.6360E-01  7.3350E-01  4.4276E-06
201206   5.8734E-03  1.3316E-01  1.8620E-02  4.3800E-02  1.9600E-01  4.3753E-06
201207   5.8478E-03  1.3258E-01  0.0000E+00  0.0000E+00  0.0000E+00  4.3563E-06
201208   5.8734E-03  1.3316E-01  1.8620E-02  4.3800E-02  1.9600E-01  4.3753E-06
201209   5.9435E-03  1.3475E-01  6.9750E-02  1.6360E-01  7.3350E-01  4.4276E-06
201210   6.0400E-03  1.3693E-01  1.4001E-01  3.2870E-01  1.4729E+00  4.4994E-06
201211   6.1372E-03  1.3914E-01  2.1084E-01  4.9490E-01  2.2184E+00  4.5719E-06
201212   6.2088E-03  1.4076E-01  2.6300E-01  6.1750E-01  2.7678E+00  4.6252E-06
201301   6.2352E-03  1.4136E-01  2.8224E-01  6.6240E-01  2.9698E+00  4.6449E-06
201302   6.2088E-03  1.4076E-01  2.6300E-01  6.1750E-01  2.7678E+00  4.6252E-06
201303   6.1372E-03  1.3914E-01  2.1084E-01  4.9490E-01  2.2184E+00  4.5719E-06
201304   6.0400E-03  1.3693E-01  1.4001E-01  3.2870E-01  1.4729E+00  4.4994E-06
201305   5.9435E-03  1.3475E-01  6.9750E-02  1.6360E-01  7.3350E-01  4.4276E-06
201306   5.8734E-03  1.3316E-01  1.8620E-02  4.3800E-02  1.9600E-01  4.3753E-06
201307   5.8478E-03  1.3258E-01  0.0000E+00  0.0000E+00  0.0000E+00  4.3563E-06
201308   5.8734E-03  1.3316E-01  1.8620E-02  4.3800E-02  1.9600E-01  4.3753E-06
201309   5.9435E-03  1.3475E-01  6.9750E-02  1.6360E-01  7.3350E-01  4.4276E-06
201310   6.0400E-03  1.3693E-01  1.4001E-01  3.2870E-01  1.4729E+00  4.4994E-06
201311   6.1372E-03  1.3914E-01  2.1084E-01  4.9490E-01  2.2184E+00  4.5719E-06
201312   6.2088E-03  1.4076E-01  2.6300E-01  6.1750E-01  2.7678E+00  4.6252E-06
